0	1.6315155608	-0.2644465813
2	0.1539510543	1.4195334815
0	2.0217291182	0.2620463789
2	0.1904120153	2.5610254038
0	0.080549318	0.3387313278
0	2.1655765701	-0.1605752466
1	-0.4332301934	4.2405527884
0	2.4140096284	0.6872226804
2	0.0041192813	2.2505842768
2	0.3960182795	1.362206016
0	1.2765658809	-0.3959304848
0	1.7925631794	-0.0048106037
2	0.1774206063	2.8499350281
0	1.2642701542	-0.2454711238
1	0.0012534983	3.7789273726
2	-0.028395863	3.3150522263
2	-0.3331490903	1.5205055748
1	0.5388767185	2.6363290497
1	0.7260269953	2.4698483384
1	2.2845856156	1.6854256568
2	-0.2654106947	2.9498895036
2	-0.0005949722	2.9631907081
1	1.6365550962	1.0636049854
1	1.2202578882	1.8312283421
1	1.9783750317	1.6704473618
2	-0.2002166469	2.8610267611
0	1.0773636296	-0.2577847116
1	2.5203388863	-1.8665098154
1	0.5367748794	0.705067834
1	0.1097864271	2.7857479847
0	0.504499039	0.0947255722
0	2.5126696605	-0.0108886242
1	-0.1274156677	2.4397808373
2	-0.4585710202	0.466600902
0	1.7457866684	-0.253645916
2	-0.3079013857	-0.1267009819
2	0.0220274914	-0.5095003151
0	3.4030282995	0.2224049836
0	1.8190046243	-0.1180950908
2	-0.2503450509	-0.4460703355
2	0.1796509961	1.8547037419
2	-0.0448157168	-0.4562263195
0	2.2813206516	-0.0321499642
0	0.9239574243	0.0784500229
0	1.4549213033	0.0588144184
2	0.2338245491	1.1825497472
0	-0.7400993641	-0.202669256
2	-0.1038976699	2.0743193539
0	2.0477551663	0.2860922119
1	0.2127359429	2.6116907828
2	-0.0718099152	0.4938574183
2	-0.4618606159	0.6250958384
2	-0.0951628554	0.0819641522
1	1.6112979435	2.5140902626
2	0.0743613914	-0.0107285047
2	0.2743398926	1.7713371723
1	-0.3450973427	2.3723587725
0	2.2957269522	-0.4887289611
2	-0.029028821	3.0630973863
2	0.1742638321	2.6378912621
0	1.2897687626	0.2327937596
1	-1.2262651379	3.1263875946
1	1.3374522007	1.0546792058
2	-0.0112475687	2.0629565535
2	-0.0276992067	0.0641881562
0	4.4341957221	0.2611913064
2	0.398639805	3.2953656557
2	-0.0980175449	0.4396678658
2	-0.0651666811	4.3115364048
2	0.2583340491	1.3261587616
1	-0.558482776	3.1258400927
1	1.7302367035	2.3360359484
0	1.9007945049	-0.1345486006
2	-0.1356017017	2.5866774149
1	0.789777573	0.4341803555
2	0.2193531096	0.1696878344
0	1.9160226096	0.3068161557
0	1.4902505676	0.1738476482
2	0.2226327443	3.0435754654
2	0.1050640476	0.146901817
0	1.1624828108	-0.2274048654
1	0.2204179673	1.6374480027
0	2.2866721851	0.0141610642
0	2.3636163139	0.4095970773
2	-0.170952095	1.4682655255
1	1.1843447142	2.523220344
0	3.1435426374	0.0318681866
1	1.8299802125	1.8745812562
2	-0.2003604194	2.4821318238
2	0.0487026513	2.7603013222
1	4.4588592216	-0.0959329405
2	-0.2168137699	1.6423271403
1	0.639186078	2.9495886198
2	0.0724810472	3.0868853998
2	0.2440811679	0.5935720379
2	-0.07730378	2.8939724374
2	0.213174495	2.608253537
1	3.0281076821	0.1777607308
2	0.0825080351	3.2423914714
0	1.6673630921	-0.1865525673
0	1.4061606162	-0.3626127242
1	0.321641857	1.4986033221
0	3.1148282478	0.3556006237
1	2.8670458614	0.1511706259
1	-0.0547547932	2.5254820672
2	0.2059915607	0.6410493092
1	0.064773097	2.9906481323
0	1.6280505533	0.1896286736
2	0.4994790239	-0.0908227306
2	0.1533814005	2.0946139546
2	-0.4276506677	-1.0321695068
1	1.0646359563	1.0914657177
2	0.1170384953	1.8764641584
0	2.208369838	-0.0621296465
2	-0.0349367436	1.4674901891
0	0.8987424516	-0.1097977057
0	2.1630479668	-0.1046349838
2	0.3771288709	1.636395494
1	2.0433484914	1.1971954594
0	2.0750721033	-0.0163016449
1	-0.0198239879	2.7387071139
0	2.2369995794	-0.3651092504
1	1.0595503284	1.5548096804
0	1.3495272528	-0.4412439244
2	-0.230139995	1.3189143481
1	1.3757345209	1.8693414968
1	0.6946524431	3.0250882957
2	0.1280934786	1.0037048925
0	0.4363166524	0.1641023595
0	2.0682942571	0.0380611646
1	2.8933377844	-0.470287668
2	0.2213174832	3.1885329642
1	0.9441457945	0.9141956608
0	1.822394185	0.1550287747
1	1.7853534813	0.2778891302
2	0.5269769603	1.6726571785
2	0.1124165589	3.055425562
2	-0.1279263962	2.063465043
0	2.130432758	0.3018845765
2	0.0026868951	1.6018400372
2	0.3250121599	3.2788969831
2	-0.3333726952	-0.3756238235
2	0.1563695745	3.5143988958
0	2.8326302981	0.1454311131
0	2.2237912189	-0.0487946474
0	1.6384733335	-0.0409226016
2	0.2829487516	2.791290106
0	-1.2834848904	-0.4548217297
2	0.1043007968	0.4053935005
2	-0.3388219406	1.7832487068
2	0.125470102	1.9687533224
0	1.2198609987	-0.3814186092
2	0.2083773455	2.9786689568
0	1.2941160235	-0.14419228
0	2.411017608	-0.0550743349
1	-0.1904553653	2.5448415414
2	-0.1007777574	2.7779939575
0	2.9888483691	0.0421460599
0	3.0808060378	0.1808129288
0	1.0120579688	-0.0986896761
1	2.9536702411	-0.8138942263
0	2.56196686	0.411819588
1	2.7109026445	0.6999064038
2	0.1090822006	2.0252099612
1	2.8279360886	-0.5314379739
1	-0.0909996549	3.154765046
0	2.4360455384	0.2412122081
1	0.1986441074	3.29237365
0	0.5189299771	0.2400983485
0	1.3654449661	0.16229303
0	3.8010677433	0.5592953536
1	0.5463213479	1.9813010592
0	0.8964495368	0.0434675647
1	0.5653158331	2.6315578906
2	-0.4962794027	-0.3684074573
1	2.0117643107	1.3988925426
2	0.0899228773	3.2046341989
0	2.6314349743	0.0328036087
1	1.5185654245	1.7148659959
1	3.6435548479	-0.4652472584
0	2.0622067956	-0.2550413399
1	-0.064646153	3.4845608209
0	2.3926486987	-0.0181011814
2	0.0218297112	2.3546598288
2	0.0573202866	2.005803443
2	-0.1267259667	-0.7613258993
2	-0.0193142187	0.4954754559
0	-0.3347520339	-0.0284221483
1	0.564155032	2.9911770658
1	1.7530853354	1.8013351269
1	1.6566920619	1.792994074
1	-0.9879348467	2.6680279565
2	-0.3813266475	0.9933507878
2	0.0978268502	1.4713940948
2	-0.0271097556	3.1491688275
2	-0.0421266397	1.894579718
0	1.3844512664	-0.2943264666
1	0.0254373179	3.7661903687
1	0.6786425344	4.2182278726
1	0.8668715266	2.4158258748
0	2.6825907478	-0.4839814028
0	1.8035830786	0.0063732529
1	1.6381994469	1.4085257465
1	2.740967679	-0.0096610437
1	1.7274641243	0.8039386538
1	0.2948774533	2.5877891034
2	-0.049522527	2.1371638494
2	0.0764021924	3.7904013625
1	1.3323794203	1.515512285
0	2.4020271259	-0.2454715244
0	1.7090915028	0.3493282364
0	3.5715626836	-0.1149544806
1	1.0718221872	0.5473483532
0	2.7946184348	-0.2171442352
1	0.9000271955	1.1814142285
0	2.124079951	-0.707156072
1	0.4442380661	2.258066397
2	-0.2003278388	2.3380311336
1	1.313116983	2.5974189549
2	0.4315215201	2.002758145
1	3.1894853917	0.0228166658
2	0.2097727243	2.3808750355
1	0.9726647019	1.1109128788
0	1.9429372129	-0.1176866832
0	2.4379763493	0.1297580146
0	2.2447860014	-0.0581727027
2	-0.3164561334	2.4373091983
0	3.0081172818	-0.1638115263
1	2.2274786021	2.5557426414
2	0.1284475423	2.2304555581
2	0.1768991994	1.9015255101
0	1.5802197786	0.0447249033
0	0.8972001738	0.3401630755
0	-0.0676604121	-0.0400496886
2	0.0501377085	0.3835429765
1	1.3745798553	1.5123141494
0	2.0337372799	-0.1303745643
2	-0.146711271	-0.938620387
2	0.3708798739	3.748286882
1	3.7865690901	0.6717510672
1	1.8395504104	1.4416382773
2	-0.0776462948	2.795187722
1	0.698726346	1.6071893603
2	0.1484670322	1.6978592661
2	-0.1039289921	3.421937894
1	1.6133814675	2.1705835682
2	-0.0950353273	2.7576560409
0	2.0253013901	0.021049423
1	1.1350742578	1.9094084038
0	1.0462935218	0.1300038778
0	0.184873538	-0.0303543559
0	2.2401525171	-0.223411079
0	2.0031194995	0.0224644275
0	2.5860022798	0.1753805559
0	1.3529779874	0.2368340416
0	1.098236815	-0.1494663011
2	0.1243661855	1.5536858225
2	-0.4640464737	-0.3857953303
0	1.8836332933	0.510460062
2	-0.0886068643	2.3201818864
0	1.8676540996	-0.4317165116
0	1.6416150639	0.2379056145
2	-0.0238405109	2.6775233862
1	0.6433924807	1.0239113068
1	2.0267586631	1.7785633548
0	2.1124395375	-0.0035716413
2	-0.4450684016	0.6452055094
2	0.1991224446	2.493957647
2	-0.1375652048	1.9957796408
2	-0.346059709	-0.2600405004
2	-0.035466083	1.1324250544
0	2.3085990615	0.2674816747
0	-0.8959052846	0.025716561
2	-0.2706417707	2.5890193046
1	0.4365043121	3.5472450511
2	0.0057924294	2.8545352503
1	2.8479834946	1.4824942782
2	0.2393880976	1.1614236141
1	0.9469317149	1.3675388613
2	-0.3067777397	-0.2365699528
2	-0.135547558	2.4036629767
1	0.7413166907	2.1714158538
0	-0.7787739623	-0.1308107784
2	0.0433452176	0.5855524221
0	1.3020256622	0.3803033086
2	-0.234776266	2.1416766247
1	0.7390690815	3.8297500289
1	2.3498563555	-0.9650748244
1	-0.7259565462	3.0490638227
2	0.0839372367	-0.1857213515
1	0.6090993733	1.8806232774
0	2.7711227792	-0.116267894
2	0.1659264907	-0.3213585513
2	0.1885965697	0.3077435567
1	1.41107505	0.7901418921
2	-0.1727338319	3.2095478076
2	0.2435472196	2.8001730528
1	3.095802021	-0.9991355491
0	2.2981371311	-0.1162623475
1	1.0533328086	2.127260528
1	0.9749203577	2.7016174586
1	3.1454735674	0.3695679295
1	1.2012766081	1.1489104679
1	2.8968108323	-0.2823557605
1	0.6291218724	0.9253495726
1	2.1401225752	1.5469450509
1	0.0872733627	1.4722049895
0	2.5373214599	-0.2320799685
0	1.1366360708	-0.0721625504
2	0.3723038046	3.5115598871
1	-0.9806477011	3.6207522233
0	1.889618533	-0.0953334034
1	2.4333413392	-0.531728614
0	2.0599843019	-0.3296296846
0	1.1365542778	-0.0387159144
2	0.1475428822	0.6563365278
2	-0.091487091	-0.1287123955
1	-0.1012458303	2.8612995244
0	2.643085674	0.1991246119
1	2.3334452653	2.8315741892
2	0.1519946313	0.1789295744
0	1.2623683224	0.1002198959
2	0.0036328433	3.4558877729
0	1.8447256324	0.2296889685
0	1.5722180741	0.1132167047
2	0.142311098	2.4047819313
0	2.6029248991	-0.1537155801
0	2.5200196129	-0.290453567
0	1.3789725636	0.112837452
1	1.1182038443	2.1351345328
1	0.0012509606	3.8673756604
0	2.268880295	0.0658373167
1	2.3140995072	0.6409832213
1	1.3456610731	1.6401173248
0	1.6735914737	-0.038168849
1	-0.722547263	2.7512763679
0	1.5678489308	-0.2615011905
0	1.3765911798	0.1349007027
0	1.5122792611	0.0234809624
1	2.016087284	1.776528942
2	0.1789164701	0.4025135892
1	2.7049029396	1.4456291841
1	1.7962883564	2.5367632922
0	2.2308668022	-0.1223928252
1	1.2327834319	0.69885607
1	-0.3302710555	3.1641039202
2	-0.4800326003	2.7331183963
1	1.2350186389	0.826351789
2	0.1295569095	3.165182754
2	-0.0014582573	3.6954322398
2	-0.246133549	-0.1721661359
1	0.8005037868	3.2653283711
0	2.1648674961	-0.4629736629
2	0.0552461332	3.1166418341
2	-0.4042603101	2.266419775
0	1.560594279	-0.0880600702
1	0.198187788	2.7067223885
0	-0.1046236894	0.2499383787
1	0.8155007727	1.7728315155
1	2.1605350862	-0.9696507358
1	2.4459497511	1.5517249922
1	-0.3958951664	3.0535921546
0	2.2792403281	0.0297712297
1	2.6191823413	0.190318665
0	2.9250377086	-0.0709066801
2	0.1351890858	-0.1848468913
1	2.0917534564	0.5194742601
1	-0.1002679667	3.4564158061
1	1.4156834978	1.1563365487
2	0.1747402219	2.0557153123
2	0.1106769479	3.51397654
2	-0.1309466092	-0.356502518
2	0.1307678678	-1.209850742
1	0.5327580535	1.38453421
1	1.0193479705	0.9255322576
2	-0.065283459	2.3768747947
1	-0.5299451486	2.4361357679
1	-0.3795032409	2.9327893402
1	2.9743121811	-0.9522970094
0	1.150407279	0.1188743376
1	0.6562361152	1.042286665
2	-0.1268518675	3.3249696388
0	2.3005205173	-0.1725248032
0	1.7594184585	-0.1312120881
1	-1.1037203903	2.1579945631
2	-0.0184575812	1.6254986983
0	1.3659232939	0.2689541059
0	-0.0285053901	0.046904023
1	1.6373777992	1.2976740336
1	1.0805746891	1.4099987212
2	0.3906382705	1.5215462202
2	-0.03207861	-0.6136940255
0	3.1950693296	-0.1292785521
2	-0.1521011985	2.527940924
0	1.5005423956	-0.0792776882
2	-0.250894811	3.5740197061
1	-0.2824811021	2.4866460258
2	0.0945713392	3.3748417233
1	3.0562610619	-0.1176162916
0	3.1142824541	-0.0952985479
0	3.6568423732	0.0962173891
0	-0.124981242	-0.1140250449
0	1.8053459071	0.1248369209
2	-0.1095631044	0.147065554
2	-0.1474784886	0.7495544845
1	-0.7238313299	3.7310323784
0	2.2029776928	0.3661947921
2	-0.1630585846	2.5982001684
0	1.5769339015	0.1461136877
0	2.081151812	0.2555134826
1	1.7673832772	1.4956448104
2	0.0131536358	1.3680134733
0	3.093025326	-0.0514197928
0	1.5268514262	-0.0527840803
2	0.2022159532	3.0966832944
1	0.2437058182	-0.2964711851
1	3.384081449	-0.5075980781
2	-0.2220722424	2.9014266715
0	2.2960583695	0.3028438451
0	1.9989074119	-0.3065664812
2	-0.0781334348	2.2035323278
0	1.1451891253	-0.1576805017
1	2.16994577	0.4666726414
2	0.0601300447	3.0773700548
2	0.0302936382	2.5461848013
1	2.0786470025	0.993659276
1	3.798577903	-0.3287746418
1	0.0709913473	3.134582984
0	2.061912991	0.0658767473
2	-0.0784226692	3.0480196422
1	2.0432316138	1.3566259658
1	1.5528233326	1.9890274292
1	0.0793121387	2.8828040799
1	0.900579785	1.7332313431
0	2.2132754513	-0.184146441
1	3.2544512962	0.7329279368
2	0.3840708396	0.0171884307
0	2.1748088424	-0.1281936625
1	0.1767872372	3.2194896436
1	3.2621897448	1.0034921867
0	1.4461477239	-0.0179012147
2	-0.0591142611	3.037691855
0	2.3140386153	0.3129338654
0	-0.6238360332	0.1544968471
2	-0.1367532978	-0.729947343
2	0.0344255004	-0.3280948646
2	0.0796267245	0.035572225
0	1.0266563598	0.1680089016
0	4.3252157255	-0.1785312116
1	2.3166658482	1.3769538023
0	2.6090716698	-0.1630135683
2	0.3840778173	3.0665383987
2	-0.2837632064	2.9044523519
2	-0.0412452394	2.6783849933
2	0.1013476491	3.8714570353
0	1.3984844154	-0.0593188231
0	2.3578613872	-0.1729997043
0	0.978133232	-0.1001846158
1	2.198054855	2.2833273761
2	-0.2755893572	1.6370629677
0	1.977252476	-0.1399393201
2	-0.2365126144	2.3818873957
0	2.6960267444	0.0225679288
2	-0.0747289843	-0.6749950001
0	3.0844470977	-0.1275877966
2	-0.5156064968	-0.9526978487
0	1.8332102084	0.2264129078
0	2.9522439212	-0.0110397153
0	1.9922465779	0.2895889896
1	0.8073465802	2.4819671729
2	-0.0138802253	1.7307514564
1	1.1369003377	0.7750189944
2	-0.3517599107	-0.0857388444
0	1.0276640281	-0.3679834524
0	2.7928126962	-0.2589317227
0	2.4573346944	-0.0639690128
2	0.1343785813	0.3784158867
1	2.4094751693	-0.2588581191
2	-0.2609898261	2.9094108615
0	2.9151178991	-0.1569609046
1	0.9448064669	2.901252308
1	0.4296681876	0.570836462
2	0.4650559768	-0.0659172772
2	0.0826514857	2.5984330128
0	1.2828714974	-0.0985634033
2	0.0173650936	1.8640999896
0	1.3399464098	0.3467115146
2	-0.0041657464	3.476256881
1	2.1057887119	1.816000216
0	2.3686024847	0.1395378219
0	2.3722836672	-0.3022867678
0	2.6387435402	0.0280857616
1	-0.1729519095	3.5529911113
1	3.6127113918	0.1198300625
0	2.9421870772	0.0828920908
1	0.7918895454	3.0775211889
0	2.9230747276	-0.1909068648
2	-0.1838513127	0.3291335342
2	0.4001404697	2.9910746331
1	1.2028501245	0.6113658864
0	1.6182191236	-0.2822367225
2	0.0739157366	2.1473740042
1	-0.1139418756	2.8046756872
2	0.1627339831	2.1099792291
0	1.4359744917	0.2520857169
1	2.1149087243	2.0002836914
1	1.1831794866	1.0022920122
2	0.2210613924	2.6703239399
1	0.1442323849	0.7433573352
0	1.6748087815	-0.3887223834
1	-1.4020625581	3.9148649558
2	-0.0084878496	1.4131077959
0	2.6813892838	0.0693200749
1	1.0059064014	2.3583020585
1	1.4474052202	1.7081939861
2	-0.2104875946	2.962172307
2	0.0629505111	3.4335004276
0	2.8499109013	0.2482203941
0	1.892605555	-0.1288952558
1	3.044842548	0.4484016894
1	1.8148308279	1.3558390719
0	2.1868898197	0.2049159341
0	2.0369833961	-0.2730157341
1	0.4270912739	2.6730420462
0	1.7545953085	0.0337023349
0	3.3948051989	0.2945418526
1	1.6051376334	0.7990762988
0	2.2571728267	-0.1016054595
0	1.9339706308	-0.1071898185
0	1.6382604275	-0.1428835758
2	0.0011868622	0.4939615875
2	0.3899339464	2.2391087416
1	-0.5557618943	3.3321936874
0	1.6831722346	-0.1284946241
2	-0.2471371772	0.1516012615
2	0.3698083067	2.1590859199
1	1.7096070069	1.5229152713
0	1.398281066	0.3393268495
1	2.1533697792	1.9932099655
1	3.8067144502	-0.3058365023
2	-0.1063418667	2.4640983636
2	0.0865171903	2.2914386318
2	0.1900661885	1.7010754435
1	1.9983473815	1.0335040755
2	0.1639578235	3.0414068618
1	3.0104575467	1.0380750865
1	3.3696262743	0.9126295404
0	2.3286434833	0.2526508692
1	2.2562812202	2.4184739728
2	-0.2464060545	1.4724355826
2	0.1645519041	1.3605528814
2	-0.1260781702	1.8325469654
1	2.8741323904	0.1923799839
2	0.3176625904	-0.3681260923
2	-0.1670071685	0.3175020082
1	1.9923142664	2.7122507096
0	1.9091813743	-0.0020330251
1	0.3370020581	1.163928815
0	1.4670319681	0.408351976
2	-0.1238637194	2.4814128376
0	1.2077720198	-0.2981993582
0	0.8825548591	-0.1494308756
0	-1.5125369221	-0.2487939432
1	2.5061716748	1.8911882903
2	0.3173316013	2.2144874042
2	0.161979433	3.0172764489
1	2.0114001961	-0.28158857
1	3.7675676753	0.0462759052
2	0.1928112276	2.8522248455
1	0.8655127656	1.7044974061
1	-0.4646393444	3.4335189374
1	1.0991366043	2.2175906167
0	1.4050395085	-0.1415792367
1	0.3054143356	2.8758092513
2	-0.0282688536	3.4000762601
0	1.691641465	0.1334058014
0	2.0652105746	0.1289753153
0	2.7336376343	0.3032229725
1	3.3633373158	-0.9555458235
1	1.7717594509	2.0504335847
1	1.2293946725	0.9873745771
1	1.5963707322	1.4398354595
1	1.4636511716	1.3081797589
1	1.169001536	1.6526897333
2	-0.0168475873	2.584486014
2	-0.0120790524	-0.3231712018
2	0.0420667926	0.7055124893
0	1.5882486077	0.2738083189
1	2.0407299892	1.3805568482
1	0.4417608234	-0.0607859037
1	1.2873089819	1.4163273316
0	2.5497457921	-0.2330217561
2	0.0500382082	2.4935800871
1	2.6400176354	1.2192026462
1	-0.2270664733	3.0510795525
1	1.9616869491	1.0227326314
2	0.3587566663	3.4990874086
1	0.1076609372	2.9522092147
2	-0.0326194036	1.804513535
2	0.524759	1.3689085908
2	-0.1646710576	3.2094772545
1	0.6087486848	1.3785179772
1	2.7206771892	0.2204466285
0	1.7531352646	-0.0208922174
2	-0.1973316945	1.5744142251
0	2.190148862	-0.4438367623
0	2.7087385687	-0.0634231737
2	-0.2099429153	-0.4066531833
0	3.0987827398	-0.0420227425
0	2.405513699	0.222523967
1	1.940671489	1.0369374398
0	1.039731705	0.1391320074
1	3.0213343244	-0.7286978734
1	3.3397818191	0.2495839321
2	0.031673224	2.7215140534
0	2.2489341624	-0.0861873924
0	1.7888942376	0.0838197259
2	-0.410466489	1.9155056925
2	0.1438160402	3.4208500752
1	3.3752603989	0.2505290247
1	-0.3718719083	3.1167141154
1	3.9442935137	0.1264654902
2	0.016230851	0.280270761
0	2.7715597169	-0.1050753582
0	2.2095192219	-0.1417419011
2	-0.2849195131	0.3658545712
0	2.2546362982	0.1658606747
0	3.8664101024	0.0539664601
2	-0.0630476204	-0.2342453848
0	3.3104896545	0.1326632765
1	0.1641691284	3.8939120278
1	-0.1018890558	3.0168103517
0	2.1317958367	-0.0238438015
2	-0.0917775397	3.021028864
2	0.2598434681	3.052437027
0	1.8838993429	-0.1280852714
2	0.0514259243	1.3076316295
1	1.99004538	2.4625418003
0	2.6666226918	0.1787891982
0	2.4762459998	0.2845084937
2	0.4224010045	0.1142656971
1	0.5728496056	3.4704116219
2	0.2300094708	-0.0661071079
1	1.8201685437	1.3764701352
0	2.2702695612	-0.1683278619
0	1.7127306795	0.2938141767
2	0.0359836231	3.7575289323
0	2.5323398986	-0.278925551
2	0.2873764398	3.4981151477
2	0.0334712066	-0.6002014889
1	0.0638412111	3.6176547014
0	2.2256653725	0.1454206617
0	1.8114744118	-0.0808698815
2	0.23450399	0.8399605541
0	2.6391921791	-0.3215591274
2	-0.0765776847	1.2493278029
0	1.3103581412	0.5356214395
2	-0.4894231195	2.3354223424
2	0.1754044523	-0.8364077885
2	-0.2708028415	3.0135437552
2	-0.0486424901	2.9592616841
0	2.9945942913	0.4472127078
1	3.0572419149	0.1347666488
0	1.4379914728	0.337397024
0	1.9182972082	0.0092300911
0	1.4337937223	0.3971321117
0	4.3242751693	-0.412676216
1	1.7242805981	1.1607009598
1	-0.129319208	3.1802303042
0	1.6308706663	0.1716509667
2	0.4226221293	3.2942175835
2	-0.2458620908	2.2202651625
0	2.5021104735	0.2487349321
1	0.1818658891	3.1242760931
0	2.3820235205	-0.1126464143
0	2.9397913804	0.0956682718
2	-0.1934918155	-0.5067528963
2	-0.0334665077	0.9499269729
0	1.4868008754	-0.0870958845
0	1.4635552442	-0.062313806
2	-0.1250886363	1.5267160842
1	2.2893834785	0.4186917432
1	-0.5606765643	3.3924030237
1	1.1138642166	2.2368438779
1	2.3358375062	1.445475399
0	0.7023732262	0.0229506582
0	2.1543488136	-0.1798938386
2	-0.3779627346	2.3437495288
0	1.3967092665	0.413634072
2	-0.1625453823	3.106902314
1	1.6808017789	1.9061296905
1	-0.2090401108	3.7387078391
2	0.1347565197	2.8629365627
1	2.0447524895	-1.2431697355
0	1.696076667	0.1024557659
2	0.1004783703	0.0638835223
0	2.4934776546	0.2228882894
1	0.2919725836	3.8328380545
1	2.3021998572	0.3219561937
0	2.8612812432	0.0194350784
1	2.2800228694	1.3935024328
1	1.2101075367	1.2108498255
2	0.5002027425	3.4588961554
1	3.1741085753	0.0454242847
0	0.6758829877	0.3116702969
2	-0.1367590871	0.0835664104
0	1.482743696	0.1291473712
2	0.0287189331	2.9462333779
2	0.3782885956	-1.0955952961
2	0.4042256421	2.0389748191
0	3.9670714195	0.2392002782
2	0.077557959	-0.4564151509
2	-0.2181844043	3.2210869223
2	-0.0912872095	3.3963630569
1	2.5948160813	1.0183912978
2	0.0543531308	2.35343719
1	3.448544186	-0.2987444732
1	-0.0518678109	4.5653504323
1	2.7740684865	0.6410299041
0	1.9671765696	-0.0528687008
2	-0.040446352	-0.2218846942
0	2.434411024	0.1455773241
0	1.9058427959	-0.077607041
2	0.0338264554	3.2421484079
2	-0.1898122569	3.2064332169
2	-0.061325401	2.9661178703
1	2.9246959462	0.3596224838
0	0.331546876	-0.2429417112
2	-0.194118395	2.6815258991
0	2.9748621167	0.2190796778
0	3.1589184877	-0.0754069033
0	2.2006862971	0.0463605549
2	-0.3823228222	2.2751285486
1	3.3748337597	-0.5518573639
0	1.8584143289	-0.1903393921
0	1.6805140772	0.5709280076
2	0.1158155588	2.6239012955
1	2.4057234103	0.4930880912
0	1.399631187	0.068196091
0	1.870893158	-0.1669554202
2	0.1052002403	1.5229360187
0	2.7441955443	0.0250735287
1	2.2627655049	1.4565646302
1	1.6429533336	1.7393335626
2	0.3433121803	3.2061156185
1	2.2770156312	1.0143088168
1	-0.642895839	1.5234684608
1	2.7155202347	1.9992996868
1	2.0784884341	2.2737534739
0	1.1544261808	-0.1571245645
1	2.3816680931	0.6508879532
0	2.1059514623	-0.1947475072
0	2.5495325027	0.1333654108
0	1.769416903	-0.3724263368
0	1.9733461629	-0.1159191995
2	0.0294054764	0.0330745198
0	0.9130156211	0.1167871594
0	1.9834654537	-0.0876397013
1	2.6433780817	-0.0457188868
2	0.4403463745	1.6266553335
0	1.8673862736	-0.1475114579
2	0.0470544841	0.4569050349
1	1.0372774106	3.3136525947
1	1.3414794606	1.341160497
2	-0.0731346126	2.1813008157
2	-0.1333508562	1.8484871929
0	3.3372266139	0.0198412891
1	0.9392012683	3.406762005
1	0.0127667616	3.382836522
2	0.2994585009	1.1523985164
2	0.0478148522	2.2001900245
1	1.2429449087	1.4731029261
1	1.5416199706	0.5185590453
1	2.25093474	-0.5279896886
1	1.0103080817	0.5331690426
2	-0.1645108723	3.0646398447
2	0.3259647702	3.3352473789
2	0.2567891164	0.0688618051
2	-0.0646311045	1.8326983309
2	0.3570784427	2.9908602807
0	2.303823442	0.08312168
1	1.8286512355	2.1908595265
2	-0.3218332596	-0.252643927
0	2.7236200005	0.0939013894
2	-0.07701703	2.296348712
0	1.1098195055	-0.1796064784
0	1.5529499434	-0.2842472485
2	-0.072447061	3.5148463962
2	0.3438044937	-0.1373914187
1	1.5767306917	1.5683296957
1	1.5284406902	1.9795760048
1	1.7018111326	2.0347655495
0	2.6634888991	-0.3165698193
0	3.4938879898	-0.1694086126
1	0.3197210358	3.8050369917
0	1.6784936074	0.1351695876
0	2.0427854721	-0.0682405928
1	2.2278719869	1.6789920074
1	1.9530900828	1.7209257658
0	2.7180573717	0.0882924267
0	2.2147479176	0.1225449911
1	0.031373033	2.2342522058
1	1.0118687811	0.9658795777
2	0.1913116958	2.2723119348
2	0.0501754533	2.5257149233
2	-0.0522091039	0.4975648967
0	0.5362361783	-0.2075290595
1	-0.4596849343	2.1193045761
2	0.025009834	-0.013659524
0	1.7397858199	-0.2010121158
2	0.090479429	2.9200985417
2	-0.04664407	2.0564383723
1	0.5631960839	1.9350158799
0	2.7769361059	0.2980812514
2	0.2013905731	1.5426121742
0	1.1030703477	-0.0397640109
2	0.0926985389	3.1784804401
0	2.1407064819	0.0791773706
1	-0.6221275824	2.4020820529
1	0.7723002641	3.6880542306
1	-0.3918453547	4.8844140513
0	1.5499126563	-0.4683134405
1	1.6972843108	1.8979490824
0	2.9152311155	-0.3018109552
1	0.6163576638	2.9200286903
0	3.7799033917	0.0153658998
2	-0.0115970449	1.6325986838
1	1.0912056675	2.8977943952
1	-0.9405200108	2.0024197752
0	1.0443759526	0.3673412075
2	0.2858446193	2.1048837044
0	2.3355076152	0.251151081
2	-0.5844068799	0.6444982177
2	-0.0929359597	0.6939566601
0	1.638643419	0.1638873174
0	-0.0834089927	-0.2382116412
0	2.5239922084	0.1725144666
1	0.8701648396	2.7949725383
2	0.2638269783	4.1225449228
0	0.7036479851	0.1239615751
0	2.7047690398	-0.2081293413
0	1.7109006724	-0.095836953
1	2.2585126861	0.0222008866
0	3.6561936117	0.1328547079
0	2.5934817788	0.4702147205
0	-0.8580616114	0.1038515608
1	1.9878204947	1.1071722877
0	1.6944942528	-0.2515240581
0	2.4461271607	0.2446039191
1	1.9405484464	2.0827582527
1	3.53109425	0.486526057
1	2.627096173	-0.0424217412
2	-0.3197737854	2.9967790738
2	-0.2646036101	3.0736868529
1	2.9139940927	1.2598231424
0	3.740284591	0.0066026844
0	2.4852430133	0.2512955466
0	1.1635961883	-0.0663245293
0	1.7423414368	0.4900679544
2	0.0550678586	2.4207112505
2	0.1218547584	3.9960844806
0	2.8096698939	-0.3531409679
1	1.6636563972	2.1113632744
2	0.1807528179	2.6752310305
2	0.1453809934	-0.0968251918
0	2.4377881843	-0.288027036
1	3.3507770117	0.1577433549
2	-0.1991796401	2.2907374259
1	2.0223997423	1.3724931991
1	1.1836881537	1.7720616151
2	-0.0198912553	0.9571152598
0	0.5525650843	0.3535821105
1	1.5406254618	-0.3987633412
1	1.6877330249	0.9650608001
2	-0.3952890924	3.3132129811
0	2.6888283714	0.1897046284
1	1.6171054842	0.3827117776
0	3.059924287	-0.3690268857
0	1.689418881	-0.292482894
2	0.4630486157	1.5368415453
2	-0.1224360102	3.3592953658
0	0.9882243424	-0.1986427455
0	1.8694291989	0.1253807236
1	2.8702672768	1.6647982754
1	3.9932975965	0.2097300108
0	2.280289271	-0.1893021435
2	0.2137215402	-0.5069609955
0	-0.8221048413	-0.1788287032
2	-0.1721829879	0.2417737045
2	0.2138139778	2.3462727453
2	-0.324730809	1.8599564816
1	0.3767526394	3.0631965077
0	0.1624306603	-0.0094105142
1	2.0586320302	0.4700190654
2	0.177254796	-0.2135294917
2	-0.1840678919	0.9903666313
1	2.0842561482	1.0270806704
1	4.0281898801	0.2918985094
1	2.2679126588	-1.1343591784
2	0.0157739981	-0.1827101202
0	1.9340922706	0.1469680193
2	-0.4162179613	1.2541681492
2	0.1845849168	2.7454455151
1	-0.3313105414	2.3820830635
0	2.5693899911	0.2605490789
1	1.2916232277	1.4165780628
0	1.835670235	0.2275003492
1	1.2742152857	1.4753549431
2	-0.0655227462	-0.0483573568
2	-0.0031248067	-0.5824063559
0	0.8870632303	0.0978137809
1	0.9483443387	1.9032512836
2	-0.369365481	2.7300863462
0	1.998645382	-0.0338983039
1	1.9980789179	1.1951484105
2	0.0852659443	3.3751199632
2	0.470532009	-0.0105543374
2	-0.4265096284	0.5326009475
2	0.0094010773	1.9929150423
0	1.6112490721	0.3435713409
0	4.2535917393	-0.0355625979
1	2.3678995116	-0.8244181167
0	1.5859568347	-0.0486942567
1	2.8150520226	0.3382888494
2	0.3487205535	2.8704590226
1	1.5735032482	1.6480915757
0	1.620072526	-0.00282626
1	1.1626733433	1.1727243854
2	0.1364991502	-0.430539234
2	0.2136857821	2.1880301486
1	1.6879445653	0.5762517256
1	1.1945321202	1.0872558035
1	0.5801386025	3.1955027179
0	2.0226910288	0.2977489382
1	1.2185142887	1.3787992121
0	2.5560524286	0.2941725907
1	1.1679757631	2.9345282328
0	3.5984676002	0.0613690068
1	0.5332711664	2.8062080064
2	0.170511474	2.5546552492
2	-0.1708485504	-0.5742237412
1	1.295714224	1.8322846179
0	2.3384713158	-0.0919122138
2	0.1296752275	3.3255610284
0	2.3220727153	-0.078426295
1	2.1622876342	-0.942911328
0	2.7687897547	0.2304769254
2	0.0889809108	1.3107656526
2	0.2889445599	2.495696019
0	2.6296666125	0.2446208924
2	0.0849946693	-0.7465212169
0	2.1647767658	0.2127914747
1	2.3597090459	0.6804109108
0	2.2172950348	0.0172747881
0	2.1514307165	0.3430207909
0	2.6116237243	-0.1059625151
0	1.7842024946	0.1048021562
0	1.4144431488	-0.362614442
0	0.3484270086	-0.0072811785
1	1.5607357989	2.5393553962
0	2.5791191726	0.3665739343
1	3.1434420134	-0.2649645746
0	2.7518211879	0.1229259612
0	1.7874768422	0.2304929719
1	2.0730194882	1.5994617424
0	1.7313371982	-0.2658046688
2	-0.1320438523	2.6675680781
0	3.0272404047	0.061150989
1	1.6118220107	1.5137972375
0	2.3659574931	-0.0901202823
0	1.697449397	0.0088718287
0	1.245919649	-0.1000373924
2	-0.5142988521	1.5866320805
2	-0.0785650543	2.7497442524
1	3.9673153767	0.1424869172
2	-0.2445270931	2.5009387926
1	3.6880549227	0.6143264234
1	1.5296799461	0.8557160846
0	4.5294350776	-0.2184342057
1	0.1177282569	0.749786267
0	3.6295293823	-0.249675444
2	0.1026709512	2.5043528046
0	1.1561729016	0.2960481668
0	2.6517432809	-0.1917221512
1	0.7572331487	1.5455162442
2	0.1790625198	3.0281653179
0	1.0770811687	0.131290374
0	1.8171654601	0.1370847451
1	0.5388364618	1.7218366436
1	3.3235515023	-0.3226648529
1	1.9670018723	1.6339297611
1	0.1621476429	3.9526038864
2	0.3845317202	-1.4892673781
1	3.2778271377	0.6397634138
0	0.9058074639	0.051647553
1	3.0315434953	-0.3446881571
1	1.5723536131	0.9754697336
2	-0.0207230889	2.9333620377
2	0.2391511007	1.9049551118
2	0.1509116711	1.9493802649
1	-0.2010910281	1.6261434061
2	0.1398310776	1.4621161874
0	1.9661705259	-0.1981571632
0	2.1410024634	-0.0173394737
0	1.7794556922	0.1203853706
0	2.4134941151	0.1907722451
1	0.3069899998	3.2581051386
1	3.6032705121	0.1368030545
2	0.4005028589	2.4618830194
1	0.2324677775	2.6119093613
2	0.4228305589	2.1213297872
0	1.6568173087	-0.3032193708
1	-0.6605630385	2.2338731664
2	0.3519414356	2.0578246214
1	-1.1168296818	3.209054473
1	3.2894127447	-0.1619025391
2	-0.1874678276	2.2976812227
2	-0.2795182882	2.8017391429
2	-0.3561780076	3.644097197
2	-0.0633544054	1.5838137784
0	2.5100829637	-0.0484795461
0	1.6723633856	0.5537715688
2	0.1800635399	3.8803451417
0	1.3936108177	-0.4840605382
1	-1.121875607	2.0838624504
1	1.4435845172	1.3788060943
0	2.3406198511	-0.3359115798
0	2.8838296314	-0.0464909158
1	1.9244640029	1.433853278
1	2.7882764228	1.6469741138
0	1.7035718717	0.1351805597
2	0.2194884925	3.0935377788
1	2.0599382211	0.3774704503
0	3.385184992	0.2440603966
2	-0.0748906162	3.0222661186
0	-0.8009720067	0.2080533735
1	1.5352694961	1.5934612949
0	3.5217055398	0.2538602699
0	2.1389644028	-0.0098764719
1	0.2562866067	2.3800338948
0	1.8977919552	-0.1204650793
1	0.3944922246	1.0071366362
1	0.7884458941	2.1170126797
1	1.2841672765	0.5790625906
1	3.0442261226	0.7244524118
0	2.1397428597	-0.3100400918
1	1.5363445409	1.1851276471
1	3.2578693171	0.6716110856
0	1.7452863269	0.1968873921
1	1.031020829	0.9890469059
1	3.4379090513	-0.4186432902
2	-0.2135193319	3.3436794334
0	2.142081086	0.275292196
0	3.9552635434	0.3501180828
1	0.932775754	1.8387519366
1	1.7346488469	2.1203125165
0	-0.3173876544	-0.0094636242
0	2.0560387115	0.1972828617
2	-0.2297556228	3.9387710966
2	0.3230988776	-0.8154548353
2	-0.076018308	2.2349983498
2	0.1105747758	2.7354329044
2	-0.0720917805	-0.0729558598
1	0.2553727729	2.209286973
2	0.1007650356	0.3048594274
2	-0.1127142639	0.4023283422
1	1.2316380774	1.3237382445
1	-0.2170081225	2.9717543146
1	-0.729739142	3.4392188784
1	1.655624837	0.7529263328
0	2.3741792711	-0.1004121784
1	0.5520024432	2.1690274789
0	1.5283060846	-0.008607999
2	-0.1661446246	2.6091083538
1	1.2327078667	1.9739403936
1	1.5597946809	2.3177452306
2	-0.3205965571	3.7916049829
2	0.0899024864	1.6562300993
1	0.7579272409	0.5554887194
0	0.7207539797	0.1097441217
1	0.2135786521	3.4417309275
1	0.2247123804	3.3269139405
0	0.027160126	-0.1246420218
0	1.9360070365	0.0340668774
1	2.3326068245	1.2732665747
0	1.5455360316	-0.5280706881
1	0.4718139819	2.6845799746
0	1.1864972822	-0.4351910559
0	1.7091503849	-0.2716997302
2	0.2201289917	2.0627793792
1	2.1358515641	0.8647396759
0	1.5246998328	0.0768978713
1	1.6929216903	0.1031687449
2	0.4614840782	0.2225593944
1	1.4872393033	1.9336700958
1	1.4833107105	0.9425735959
2	-0.5084785373	0.1177193791
2	-0.1529916296	0.4768430362
1	2.0186388822	-0.6862859846
2	0.4503646947	2.118132121
1	1.8047926353	1.2552808399
1	1.6177901976	0.8934407935
0	1.7877213381	-0.0723710998
0	2.7215700433	-0.169527101
2	0.3399891255	-0.0559980054
1	-0.4633986511	3.5674221839
2	-0.1174720236	2.7910267227
0	3.3930573305	-0.142097533
0	2.4725833816	-0.0255218728
2	0.0615101409	1.9237597669
2	0.3149589206	0.0295641602
1	1.2852247874	0.7112051921
2	-0.2783027096	3.2598588672
1	0.0338195828	2.7876194012
1	1.2192057786	3.1580816021
2	0.4493108895	3.9185187283
2	-0.2723363564	1.942765971
0	2.1849622363	-0.0549766849
0	1.7332567812	-0.016134758
2	0.0175195352	2.9678564892
0	3.4730703825	-0.1703512773
2	-0.4870821734	2.0177284364
0	2.3454030466	0.1652749804
2	0.1620897585	-0.1653482374
2	-0.090722381	2.5666209142
2	-0.0942493059	2.984704901
2	-0.0502311043	2.4083933572
1	1.4794639021	1.8277955557
1	1.1357281939	1.5137861699
2	-0.1597166233	3.0477777201
0	2.2530108505	-0.1130446885
1	2.6233720903	0.2583670319
1	1.6615466836	0.0699026519
1	2.8147472128	0.8311464621
1	0.557984276	3.7268017624
1	0.9215876159	0.5128715219
0	-0.4743812836	-0.0485425681
1	2.8660510282	1.7498629093
2	-0.0348445507	1.4873695983
1	-0.0058821234	3.4385109508
0	0.4553576854	-0.1894192234
0	1.8153298523	0.2574859737
2	-0.430076967	3.4210566146
2	0.2085596423	2.6386428525
1	0.8429179264	3.7441380467
2	0.1804734063	0.7036841743
2	-0.2334681909	1.8941402565
0	1.4015161307	0.0638258663
2	0.1291875883	1.9151009489
2	-0.1234128115	2.6047674166
2	-0.1305490975	2.125213681
0	1.6738208851	0.2717489894
2	0.1704100317	1.9532957589
1	1.0682310061	3.2057292531
2	-0.2146443147	2.5229608265
0	3.4206315821	-0.2202809231
2	-0.0613532881	0.3257000774
0	1.7008173269	0.3882551768
0	2.6756802224	-0.2047111906
1	-0.4365606557	3.3256963274
0	1.193465147	-0.311382148
1	2.4841765248	1.7823713632
0	2.6233258462	0.0616621524
2	0.109843972	2.2111175341
0	1.6502529207	-0.1097319937
2	0.1495125798	2.2193581895
0	2.2079993766	-0.2627631394
2	-0.1988135982	-0.1593515107
1	1.7340523763	1.2647687923
1	0.1990092477	1.1822819185
2	0.0876513136	1.9680065969
0	1.4792310912	-0.3601305014
2	0.0312632422	0.2602535091
1	1.3745050831	0.4423499397
2	-0.1503477734	2.9144324352
0	3.2371923077	0.1826598976
2	0.5656055397	2.1010054389
2	-0.2048691716	1.189283418
0	2.6641680797	0.023378136
2	0.1884263603	0.2791889393
0	1.8815799665	-0.1926514798
2	-0.1099748103	1.2227153013
1	-0.1311176074	2.2715154174
0	1.9318577108	0.2694190114
0	3.5668636899	-0.0591449989
1	0.8044219257	0.8582931129
1	0.9257527785	1.7638958543
2	0.055577624	2.594228299
1	1.1478476376	0.7692091948
1	1.5413121085	1.6776990453
0	2.1378724192	-0.1384153439
0	2.4426018003	-0.0157935097
0	2.4748811839	-0.1397932478
1	2.5757157363	2.0058542341
2	-0.4672766922	0.4067061601
2	0.2559255789	2.2390630466
1	-0.0342392954	2.7089007625
1	2.9030338606	0.6723373119
0	2.1749570862	-0.1753555368
2	-0.009256352	2.5795121201
0	2.6169252487	0.313118267
1	0.720442267	1.1601317578
1	0.668500214	2.844482186
1	2.0040885542	1.5272516307
0	2.0985688304	0.2178117058
1	1.0161351602	2.2715246997
1	-0.2316110028	2.9844480801
0	1.5811590464	0.1042891018
0	2.4165990009	-0.3311583923
2	-0.4152467655	2.5338181644
1	3.1264074796	-1.4339650893
1	1.0810193438	2.7135422578
1	0.3278724895	3.3757056444
1	1.9281569043	0.4866087251
2	-0.4221131936	2.6684719727
1	1.2270173565	3.9615398205
1	3.5376460861	-0.7275318227
2	0.0615334203	2.7925716588
0	-0.3925635186	0.0992326701
0	1.4181658359	-0.322861883
0	1.7609575941	-0.1788762185
2	0.4107113561	3.2854639612
1	3.0640960802	0.3471474295
2	0.3297751111	2.787560567
1	1.2982483699	0.8806872791
2	-0.1006044772	-0.3096549512
1	1.8429690848	0.9449445914
1	-0.2561293493	3.9958114951
0	1.7415233425	-0.123015079
0	1.6105645127	0.2754951129
1	-0.5463950477	3.2080934927
1	2.1156114442	2.631884824
1	-0.5310927725	3.2580066168
0	1.8750516279	-0.154587697
2	0.4234076857	0.2282464656
0	1.3447751204	0.2977859528
1	3.1848256253	0.1940232918
1	1.2333133714	3.6777300602
1	2.6705590932	1.2183366098
2	0.0818064408	2.043494747
0	3.6243678845	-0.3283323067
2	-0.0282430624	1.2178515754
0	2.4546049988	-0.062579263
0	1.3080798803	-0.064080099
1	3.8044934364	0.9395438766
1	0.2962922888	1.7049788256
1	2.6885072364	-1.6012311442
1	3.7531779578	0.3916496951
2	0.3162915955	-0.7474435312
0	2.9961250112	-0.2743810624
2	0.0964708815	0.4591437727
0	2.6435780957	-0.2314732976
0	0.9027823509	0.1476946699
0	0.9205701296	-0.2461025275
2	-0.1919056522	2.8262608058
2	0.0831268042	-0.3736800097
1	0.8252740245	1.7516416929
1	1.6645714069	1.8165756998
0	2.8561170081	0.3186028938
1	2.5841128566	-0.5433759879
1	1.8275544678	1.6641883513
2	0.2747088307	3.4026532836
2	0.3405267446	2.9646719525
0	-0.183086402	0.2749028575
1	1.5842320876	1.905496486
1	1.8112248987	1.3667699922
1	-0.330262971	4.2589345151
2	-0.1343213849	-0.4896912092
0	1.6440284826	0.2363596193
0	1.1960912849	0.1866762115
0	2.3875318107	-0.0983152049
1	2.3350717474	0.1062309983
2	0.4022863279	0.5272558869
1	1.1836744797	1.6420888917
0	2.6384999421	-0.0908079979
1	0.8047683565	2.777580237
1	0.5090348091	2.4845712522
1	-1.4741622691	2.0299907432
2	-0.3530001581	2.3911019153
1	1.998887991	0.1740122603
2	0.1260957642	1.4763135449
2	-0.3204992935	1.8778632565
1	1.5562121788	0.8058437699
0	2.127720029	0.0963878146
1	-1.4049866175	3.291806479
1	1.4074238243	2.1686272756
1	0.5598117696	3.314268244
1	3.2502131879	-0.7897208079
2	-0.2400817158	1.2567997002
0	1.2630143696	0.4213391662
0	2.679133809	0.0351550494
1	-0.8702908379	2.4011643439
2	-0.0109306845	2.6015291294
0	2.5125408337	0.1250551277
0	2.8734069725	-0.0129407169
2	-0.0764583225	1.2091750228
2	0.0673345071	-0.2499065378
2	0.0679197929	3.5905486896
2	0.0223097136	3.3741579594
0	2.1462713303	-0.1483380245
1	3.3521332579	-0.8453443749
2	-0.133365079	2.3516838763
2	0.2513317982	2.5921451043
2	0.2586632522	-0.1416523115
1	0.5687451604	0.8603628743
2	-0.0327137796	1.9353237152
0	0.7852937211	0.3446266062
0	2.735453332	-0.3693168774
1	2.5389206291	-0.0868442492
0	2.0708646571	0.0606039442
2	0.2507727484	2.1012101665
2	0.0350713844	3.1655586725
0	1.485973201	0.2542463376
1	3.3993452026	-0.1936781506
2	0.1025314785	2.3143278256
0	0.6632298958	-0.2772833037
1	1.1570382855	2.1164941709
0	2.0192542304	-0.0010667894
2	0.1410321058	2.8780965199
0	1.5274496891	0.1869752976
1	-1.0792784662	3.0548789241
1	2.2265843778	2.1747620484
1	2.3476760133	1.5476915033
1	2.3063375357	0.8583443728
2	-0.1850759343	1.772964755
0	2.2006683778	0.3777334805
0	3.3714864582	0.3778135215
1	0.0425388872	3.2307518315
2	0.4641362461	2.9649306387
1	2.4212000899	0.2664961105
2	-0.0930231459	1.6426860845
2	0.1847251153	3.107923226
0	2.0411777038	-0.2299146182
0	1.4551958544	-0.0464242453
2	0.0425609689	-0.4085178321
0	2.5114887235	-0.1602223967
0	2.1510269722	-0.1530052465
2	-0.0983140649	1.7731673615
0	3.5562390574	-0.3110164666
2	0.4001711515	0.1520996457
2	-0.0850029321	2.0080845459
0	1.3125181194	0.0330333478
1	-0.7323625858	3.6183220596
1	2.7033863008	1.2144365849
1	1.3047744529	1.3912735883
1	1.0098533421	1.8018535907
0	0.5427360085	0.1236404968
1	1.8183649192	1.7397107373
0	1.7183691923	0.1999174531
1	2.6351201182	1.2189176689
1	3.0334876554	0.3340703858
2	0.0938425477	3.1490233061
0	-0.3327264458	0.179980779
0	-0.5916460021	-0.1214684079
2	-0.07863084	0.1684704277
1	1.3397497435	1.3930809313
0	2.320774614	0.1704364053
0	0.3033478831	-0.0021582643
1	1.6552429858	1.3906004126
2	0.2584613328	2.2773790957
0	2.5688590579	-0.0004084303
2	0.0655335315	2.294298957
0	2.1491741094	0.1079702356
2	-0.3299099267	2.2676377756
2	0.1919705509	1.679648068
0	1.4837453652	0.0862141062
0	3.6106102143	0.0392743636
2	-0.2183445835	2.6311509127
2	0.1016646133	3.1237158028
2	0.2571786279	0.5576485437
0	1.1057056035	0.0311663185
2	-0.049086629	-0.2835383178
2	-0.3805414476	2.2013956388
0	2.6092459875	0.1212077433
0	1.9504787294	0.258992482
2	0.1886480289	-0.9446389564
1	-0.4378007629	3.3803286145
1	2.0341101296	1.0628529787
0	2.1191995473	0.1309328705
1	1.1779576411	2.1486470821
2	-0.180577468	2.2470063572
0	1.1579006	-0.1593573121
0	1.3064874863	0.0839134241
1	0.7951891295	0.6234915017
0	1.788562699	-0.0799991878
2	0.2387046152	2.9345880465
0	1.739744921	0.1613559349
2	-0.0041231433	0.0577815018
2	-0.2015984584	3.0976820943
2	-0.0706986628	1.2441844089
2	-0.0352206192	1.9805558285
2	0.1469897418	0.5231408653
1	1.0679261558	1.1225004259
1	0.0599587492	3.2641256558
1	0.5534966446	2.6073391304
0	2.2103651952	0.0470034554
0	0.9125899362	0.2461473512
2	0.10161195	2.4202184182
2	0.3781022249	2.5423199265
1	0.9863784348	0.8711149061
1	0.5058906848	3.0952012073
0	-0.5279557894	0.181471968
2	0.2989263781	1.4228356398
2	0.589729795	2.7522388187
2	-0.327925855	4.6183532052
2	0.1912483248	3.0965644663
0	-0.8616644108	0.3091748321
2	0.219378702	2.9267610369
2	0.0979246893	3.7678448887
2	-0.2105061901	3.9964685534
0	2.6865181836	-0.1345504737
2	-0.1512612048	2.976975978
2	-0.2760465922	1.7851821006
1	3.2953016835	0.0310999065
0	0.9384244267	0.0255876381
1	1.0102899339	2.6048212247
0	2.4202045621	-0.2361462017
1	1.3459264211	1.4092157396
1	2.3294876197	1.6228095219
0	1.4107286957	-0.1604204727
1	2.8453869149	-0.5736399442
0	2.3275861376	-0.1439192061
1	0.6539131555	2.3709955965
2	-0.3650752846	2.4311441095
2	0.3209567557	1.1026026622
1	3.1143033667	-0.9361307164
0	2.744553158	-0.102597836
0	2.3892167476	0.2961352398
0	3.6452377865	0.0570252624
1	-0.0719953883	1.522127113
0	3.279525793	-0.1368528809
0	1.1880257899	0.1078224239
1	0.6387643525	1.6661411684
1	1.5520390699	0.6902504654
2	-0.091686317	1.3952744622
2	0.0485276709	2.4829998576
2	-0.1680531813	2.9420828337
0	1.0039406144	-0.3583704681
0	2.2172520141	-0.2521444612
2	0.0413678179	3.06088991
0	3.2510232374	0.3370826726
2	-0.2815509633	0.0159828533
1	2.6774039138	-0.4423067367
1	2.9489342083	-0.2239290005
2	-0.0673893971	-0.2985580343
2	-0.24237579	3.0506659325
2	-0.2097028103	-0.6246703308
1	-0.2106522512	2.4409512889
0	1.5014015281	-0.1023430002
2	0.0579518522	1.8576563404
0	3.1432830696	0.0868917347
2	-0.340606772	2.8505149739
2	0.0265195614	1.2001726283
1	-0.0733138698	2.6128530021
2	-0.2207876751	0.1493540275
2	-0.0789754741	0.5760876681
1	1.0300532741	2.0863813936
2	0.0369931548	2.5764190612
1	0.8457769092	1.5514705333
1	2.1083813313	3.0419645983
0	2.3528574284	-0.034627789
1	1.2419991271	0.9801968987
2	-0.1786106528	2.0560811535
1	-0.0014091246	0.7956700747
0	2.7287303739	-0.2623307697
0	1.807700906	0.1785656776
0	1.4218234608	-0.2169884882
1	1.6091228723	1.9790766206
2	-0.2720674006	2.3175915309
0	-0.5973673868	0.1955319078
0	2.1796047526	-0.0554233416
2	-0.0049723966	-0.1207522552
2	-0.0964302215	2.5938231337
1	1.7449575949	0.8836219798
2	-0.3085762782	2.679212514
2	-0.1174098554	2.0084979768
2	-0.1014447136	2.6957341247
2	-0.1253773266	3.3514127041
0	1.6247373164	-0.2097652071
1	-0.0606535403	3.9812606731
1	0.0001333562	3.1301412956
1	1.3100272901	2.502586236
0	2.2622016806	-0.1478329813
0	2.5401143018	-0.0720271437
2	-0.433656906	3.3175266109
2	-0.0332508051	2.8345527869
1	1.9154692359	1.772832437
0	0.5073551155	-0.1123305507
2	-0.0645631673	-0.0948310352
0	-1.4228646942	0.112362545
0	1.8153510124	-0.0153990758
0	2.125522661	0.0201708753
0	-1.0591058729	-0.0499477113
2	-0.1245145912	-0.6528106032
2	0.21576504	0.03577264
1	0.540867819	2.0094483182
1	1.2438775232	0.988313154
1	1.4225310043	1.5680991815
0	1.3817541893	-0.0686537071
0	3.1214490282	-0.0473021179
2	0.0442845644	3.109033331
2	0.2264861658	2.3905899116
1	2.3908458836	0.8106023003
0	0.8785855262	-0.0412481067
1	1.4172299974	-0.0323210741
1	2.284807046	-0.339806199
1	-1.0485241998	4.0921265146
1	0.4733470737	3.4476973862
0	1.499423207	0.1198530683
2	-0.2586145618	2.5114459244
2	0.1519916439	3.5451943635
1	-0.5120992055	2.9776883944
1	1.7633957539	1.8922006325
1	1.3462719774	1.1170443647
1	0.8937598436	1.9262070599
1	1.2358458937	1.024561755
0	2.6578714716	-0.126025042
0	2.7524949719	-0.253749176
2	0.304103478	1.9950228861
2	0.2093740637	2.1469346572
1	2.0452238134	-0.5337548804
1	1.327349761	0.0690602484
1	-0.2488130112	2.3846454109
2	0.3671189022	0.4087077871
1	0.727665442	1.3235619358
2	-0.009013653	0.4354099559
2	0.3835976415	2.6351979776
2	0.0921018075	2.509263255
1	3.1831199015	0.1755930456
1	3.3622427117	-0.7148626187
1	2.1958932494	0.7206309595
2	-0.1666464962	3.0228979786
2	-0.1220674431	2.7099255875
0	2.7282424188	0.0090755621
1	0.6733714122	1.72031342
0	3.3605850032	0.1078641401
1	0.2400661569	1.6990538732
0	3.3226463173	0.0653347998
1	0.620621551	3.2146950015
2	0.0815395418	1.6196098065
2	0.1270480735	2.6234370604
0	2.4049709441	0.5148030642
2	0.3061590694	-0.2187841004
0	2.7657421639	-0.4376594757
2	0.2173175855	-0.1993323199
2	0.0645997659	-0.2196825673
0	2.3734740054	-0.1684773667
0	1.9006283519	-0.1542266686
2	-0.1327686566	1.9339126489
2	0.1094800336	2.8770859494
0	1.6710702289	-0.1679262603
1	2.0850979117	-0.48938052
2	-0.3321300595	2.8618958975
0	1.7941691609	-0.1076688094
2	-0.0941039723	1.9972842719
2	0.0851163276	0.6805267249
2	-0.3732634989	2.1330538654
1	1.6168177467	2.7511879382
1	1.844969151	2.8253636187
0	2.7096302783	-0.2299143711
0	1.1112093931	0.2561451005
0	1.5799151392	0.4493430197
0	2.6326453433	0.4771867354
0	2.38646443	0.4293024888
2	-0.255970222	1.8967848131
2	-0.0278884737	2.8955919905
1	-1.0516673696	2.3780405994
2	0.0894762764	2.8989671108
1	2.1646946537	1.0610629193
1	-0.0237533233	1.7033192634
2	0.0140581595	-0.5069513463
2	0.3551283961	2.9409250388
1	3.2363118224	-0.0686446551
0	1.2588746106	0.0077669855
1	1.4859147921	2.5131390635
0	1.2822418418	0.2169998433
2	-0.1518133032	2.4030924692
2	0.0363592443	1.9887066516
0	2.4282009073	0.1452026491
0	2.6820295081	-0.0875221759
2	0.0968017029	1.9237829771
0	0.9254867117	-0.3021997479
1	1.2235294101	0.905082744
1	0.6328805668	2.4997746653
2	0.4543936984	1.9194721104
0	2.3141056205	0.0264933466
0	2.1067428595	0.1781836585
0	2.2314843706	0.0688189629
2	0.0365411395	1.750991485
1	2.0127005316	1.1518528346
1	0.480498713	1.6641098278
2	-0.1200529295	-0.7697318637
0	2.3151561306	0.3147153058
1	3.3492164963	0.3383172316
0	1.8776991214	0.0718017157
1	1.4888577328	0.7786938678
2	-0.3895799475	2.4815344947
0	3.5152846667	0.1377172796
2	-0.2364148305	2.937081028
1	2.2743390978	1.6273923849
0	1.6113088518	-0.0602921506
1	2.7582242645	1.3277565374
2	-0.2463044437	2.7636365879
2	0.09797302	3.7312663808
0	1.7368366374	0.2070232486
0	-0.4021615078	0.1322015601
0	1.4007617402	-0.1555034461
2	0.0347675411	1.1482240098
2	-0.3114727871	2.1143147177
2	-0.6016012386	0.4114004505
1	-0.0284008857	2.6846847691
2	0.1179356979	2.6307204037
1	0.1436471417	3.4760200716
2	-0.1137615238	1.5278378167
1	1.1436827175	1.1121482133
0	1.2997728327	-0.2663060741
1	1.4103821915	1.1687862571
0	1.7501555359	-0.1967655776
2	-0.5423985024	-0.1892572931
1	0.254414501	0.6858248414
1	1.0217362925	1.4140301019
0	2.6863151095	-0.1020017026
0	2.6340150908	-0.1134524189
2	-0.529755923	1.84293171
0	-1.5232806615	0.2016504202
0	3.0957816724	-0.1878295161
1	1.7435856402	0.6859992402
2	0.6281634317	3.2371066158
2	-0.3471900606	3.3676741197
1	-0.3382214384	3.5576953152
0	0.3984470548	-0.1271996008
2	-0.1543383806	3.6944039119
2	-0.1192222276	2.5462110096
1	-0.2366579389	2.4964346607
0	0.7016739035	0.2175697857
0	2.9753519861	0.1486083023
1	1.8724666568	0.6192060829
1	0.5791462979	0.7700169668
2	0.3618613423	2.7011362558
2	-0.105916886	1.5264880482
1	0.3057920394	2.0377071044
2	-0.1766385541	2.1523650807
2	0.2186811649	3.0269865218
0	3.0237180059	0.3292377553
2	-0.0182631137	2.359331022
2	-0.0149886608	1.5201890882
2	-0.3735024038	3.9234623769
0	1.8788837617	0.1313957895
2	-0.2198512156	3.9529938731
2	-0.3336252021	1.8512978091
2	0.2604631448	1.3297033798
1	-0.4912327284	3.3367513745
1	1.1674362349	0.885027653
0	3.132871776	0.2566746039
1	2.3532399896	-0.0337963876
2	-0.2122229247	1.3772074069
1	0.0646632468	2.8578272419
2	-0.0683065001	3.0960660285
1	0.347583071	2.8971563358
2	-0.1118131881	3.2883703115
0	1.6236510424	0.4154816931
0	2.5606283375	0.259326083
2	0.10238927	1.690291405
1	-0.6603572057	3.1399120795
0	-0.0516225637	0.2515429109
1	0.7706961162	2.8014147634
2	-0.0470636842	-0.5028390305
0	1.5009106328	-0.077150013
1	-0.7571303499	2.5899776284
2	0.2091656612	-0.2196853345
2	-0.1323442195	-0.7246427811
1	1.9401194207	0.7527056213
2	-0.256189477	-0.0680289439
1	0.6323583186	1.7027732335
1	1.2990643824	3.0538316572
0	2.5529695029	0.1976317885
2	0.4615039667	3.7391780204
1	2.1438166761	1.2387346223
0	1.3143497557	0.0633455814
0	2.645309927	0.2316302783
2	0.1498295356	0.3741516144
0	2.7944280501	-0.0541315245
2	-0.1890426622	3.3351862363
0	2.6087456584	0.0681813555
1	2.3523149386	0.6416621244
1	1.3423019797	1.6439328183
1	1.1654710808	0.9842879794
1	3.6692953239	-0.2380107839
2	0.1811225437	1.5902961753
2	0.0004818671	1.3697884695
2	0.3218569735	3.3287585277
0	2.1564339731	0.2242646468
1	-0.4591053353	2.9106702899
0	3.4099108351	0.0516618245
2	-0.3440508476	1.0859810696
2	-0.0039957298	2.8173001193
2	-0.1382631416	-0.2308063626
1	2.7767122478	-1.151572812
1	-0.3774769427	2.5467282424
2	0.4033799956	2.2232870392
2	0.0778390492	0.4606577571
2	0.2421323279	2.2936048129
1	-1.1667486691	2.7413227824
0	0.022505206	-0.0704769773
1	1.2060815543	1.2620216585
1	3.4282508259	0.4668364259
1	-0.0364334506	3.63382716
0	0.5498324346	-0.2375969352
0	1.8294003339	-0.202386988
0	1.9994720226	-0.0080048735
0	4.0996835733	0.0790851832
0	1.6316930002	-0.0091109973
2	-0.3341348152	1.648866438
1	1.189755994	2.5528607765
1	0.7443588392	1.1861482842
1	2.6370361817	1.3527775466
1	2.6122019166	0.8375846759
0	1.4906214396	-0.3868757372
0	2.177572706	0.1124202822
2	0.1380463082	0.1895702985
2	-0.1605415612	-0.219087918
2	0.2172799399	0.5049763011
0	2.2236648642	0.5102381319
2	-0.5508994817	0.46923798
2	0.2432825762	-0.5173371475
2	-0.2324879327	0.2366152847
2	-0.1511564608	0.5385773507
2	-0.2768554247	2.8307068268
1	2.0845710678	1.619987641
1	0.5870220465	3.3641403076
1	3.7851681605	-0.2700102298
0	2.4295081164	-0.6368526877
0	2.4477984413	-0.4759969484
2	-0.3044794301	2.04372727
0	0.8942839228	0.5556569521
1	1.2058309623	1.4902157379
2	-0.3263009566	0.6145396618
2	-0.3487413163	-0.9222444163
0	2.314623045	-0.2815524806
1	3.7963608563	-0.0421343996
1	3.1762231441	-0.7035570118
0	0.5697849362	0.0166146891
0	2.6961333409	0.1041077601
0	1.8374271216	-0.126553787
0	2.0822407174	-0.1944290032
1	1.5599591517	1.8279071586
1	-1.1274723266	3.5040160861
0	2.4830805796	0.1529593637
2	0.0385517238	3.8919540161
1	2.1951374344	1.2628386436
2	-0.3022733578	3.600703242
0	1.5702203091	-0.5582442121
2	-0.2144406072	0.0848487968
1	0.9201217579	1.4219006092
2	0.0866203319	0.8036375288
0	1.4863254429	-0.0111102611
1	0.0855671614	1.3601145034
1	1.8245825886	1.6597242426
0	2.0683208999	-0.0583112311
1	1.301377286	1.0637799138
0	3.1919477101	0.492322274
0	1.1986530622	-0.2186125815
0	0.8151816796	-0.2464719732
2	-0.084366577	-0.2700781129
1	0.7586329511	3.1776827109
0	3.0972848592	0.0885132088
2	-0.1351319208	2.4537477975
0	1.2036378631	0.30382921
2	-0.2931848961	2.3117474568
1	4.4318118199	-0.5119428968
0	2.7388153216	-0.2404386572
0	1.8373091814	-0.3701396476
0	1.9424080413	0.0931264883
2	-0.6679115989	3.1301497915
0	2.7153767902	0.317853665
0	2.0291603425	0.0032689286
0	2.5438497575	0.3684335505
1	0.5100873051	3.8218092376
1	-0.5446096631	3.3355549549
1	0.329965056	2.3697983787
1	3.0205667391	0.3533590031
1	0.5908831841	0.7285155493
0	3.5534178025	0.0146617546
2	0.4150443287	3.0275078852
1	-0.7867277559	2.6812665761
0	2.3567963597	-0.1858406323
1	0.9456971143	2.27639982
0	-0.6686125101	0.0419070156
1	0.2113320259	2.2271343851
1	2.6654489701	-1.4063109679
2	0.1742145374	1.4485817314
1	0.7062555404	1.0866538976
1	2.5650010773	-1.1261957808
1	-0.1619394947	1.3076783549
0	2.4676848366	-0.0771820595
2	0.0342422594	0.1690644039
1	1.5868430069	1.8145358577
2	-0.3885852518	-0.1861454382
2	-0.2974401073	2.4028392232
2	-0.2562975072	3.9695324977
1	1.8577111178	0.6379865096
0	0.9677703581	0.3404137637
2	0.0106691222	1.9957860413
1	1.6436896726	1.5971568971
2	0.1402911528	2.6657532322
1	1.3518298664	1.7790449057
2	-0.0743057844	4.0429002821
0	2.1039005677	-0.1687623564
0	1.4944098697	-0.0699398847
2	-0.1299397105	1.8542149342
0	2.286002947	-0.1311052923
1	-0.2643915563	2.9334702889
1	2.5839218239	0.3063382005
2	0.0952744345	-1.2378451012
1	2.0289769768	1.8925895787
1	2.0555840674	0.9858660553
1	1.3761100753	0.8293465676
2	0.1672553352	-0.0353886897
2	0.370169999	2.7253251656
2	-0.1899140632	2.4365089304
1	3.1508218805	0.4259070307
0	0.0034070673	-0.0174568232
1	1.0615528102	1.0295419069
0	-1.6059402927	-0.1883738757
1	0.935436704	2.0266318409
0	2.2333949763	0.6393981961
1	0.8606426452	1.3583738002
0	1.8171029601	-0.0105666939
2	0.0913370011	1.2500380537
2	0.0820243561	3.0153319959
2	-0.1441588755	2.8489358642
0	1.6642000177	0.1820014209
0	1.2308819585	-0.1621293509
0	1.6931741259	0.0165419301
2	-0.2181651213	0.0967975853
1	3.1809879569	0.1442207799
0	3.2481797082	0.1480347996
0	2.5968064463	-0.0115641374
0	3.1450130474	-0.2342185951
1	-0.2479415488	2.7052198584
1	1.3761013834	1.1144845052
0	1.7321496773	-0.3250316172
0	1.9906869609	0.0587179865
2	-0.5633126366	1.8318891
2	0.4064654068	0.6121010391
0	-0.36841379	-0.3101978122
0	1.2889601387	0.1796699907
2	0.1484151949	2.2973830767
2	-0.3985206195	-0.0757515438
0	3.1778878115	0.2332591379
0	2.4975733533	-0.3894217279
0	1.6858603593	-0.4421404041
2	-0.1663007026	2.1865272677
0	2.1393323049	0.0842282374
1	2.5431974092	-0.9758482863
2	-0.0130957574	1.3561019972
1	1.5693430803	1.6155933132
0	2.1795285512	-0.1891146012
0	2.3255269184	0.1075845077
1	1.3473812584	-0.2358260587
1	2.151209828	0.3445190156
2	-0.3639950652	0.2542689082
2	0.2522470919	2.385651892
2	0.145623529	3.0909583919
0	0.5919957131	0.1633092784
2	0.2903539763	1.3864512
0	2.8249791065	0.1643115697
1	1.3861391771	2.0352828478
0	2.8219100601	0.2947966291
0	1.8115836207	0.0394450456
1	3.4543985036	0.3170842133
0	3.0882810466	-0.2279570933
1	0.7967701547	3.2254633258
1	0.3608420847	1.7014285412
1	2.4714841703	0.3592912583
0	2.4406799785	0.0126264099
1	2.625561567	-0.2090307961
0	2.3945680602	-0.0282274952
2	0.2933839136	4.1211724108
2	0.2576156986	-0.4784605113
1	2.7673162993	0.0296525255
0	1.6101433357	0.1557086796
2	0.1320428107	2.148042153
0	1.6696190045	-0.3696432733
2	0.3879871468	3.0304928468
2	0.1324237805	-0.6546527172
0	1.6960581043	0.2166214822
2	0.114520757	3.3907615871
1	2.9743359941	0.1506430562
1	1.7918573989	0.3694280956
2	-0.5415998922	1.7485120855
2	-0.1466710467	1.8227542014
1	2.1453950904	-0.0938918545
2	0.4988850031	2.333754315
0	2.1026766885	-0.0524722943
2	0.0711248903	1.7495904201
0	1.5070523919	-0.015656211
1	1.7698412923	-0.8451482759
2	0.0185212229	0.0612836311
2	0.2008702748	-0.1267217182
1	2.5747280686	-0.5035482566
2	-0.2102495379	-0.4500118055
0	2.620257345	-0.0781600367
1	0.9340668394	1.4834813696
1	4.0346884373	1.2323290493
2	-0.3932410612	2.5468507598
2	-0.1292141505	2.7708110254
0	2.6095652602	-0.4140266223
1	1.4734098792	-0.0003066187
1	1.7428070924	0.7119025141
0	0.7480385622	0.0316656275
1	2.0861847566	2.1608957155
1	1.8254883857	0.9121433845
0	2.4023438421	0.0693350898
2	-0.1371945025	0.7172619999
0	1.3626891745	0.0879542813
0	2.2744912796	-0.2246574839
1	3.604167197	0.6298540658
1	1.732573464	2.1811821147
2	-0.1340336697	1.7218211797
2	0.0964448333	1.5811286194
0	1.2072303546	0.242700168
0	1.9266998452	0.2328836496
2	-0.1134137549	3.5116665768
2	-0.1337627296	2.1668339744
2	0.0090666022	2.6805042245
1	4.5890894888	-0.5940712888
2	-0.3394169151	2.3152486799
1	1.4326741988	1.5345333262
0	1.8754771239	-0.2246803876
1	1.9715459911	-0.5703780429
0	0.3953788268	0.0292997475
0	1.4559027213	-0.3820105381
1	2.1152433706	1.7473282583
0	1.9085801399	-0.149968728
2	-0.6709247657	2.4984219706
0	1.0706564265	0.0880516143
0	0.7305215883	0.1699034163
1	-0.256382076	2.3199576491
2	-0.0975379117	0.7376730878
1	0.6657727115	3.2237329475
0	1.9878882497	0.114281629
2	-0.1432920656	-0.0438016852
1	3.6251050561	-0.4635979496
2	0.0322282998	2.1982313947
1	1.7805839113	2.8724811019
2	0.0835536653	2.5886718581
2	-0.1036538962	0.5721714841
0	-0.5728001159	0.0732690265
0	2.9927358264	-0.1985120945
1	2.2107551831	1.6091937441
2	0.3884911822	1.890392927
0	2.58552674	0.2470827704
1	0.8833044378	2.0356177317
1	2.9657916579	0.6928622749
2	0.2137799442	1.9770306336
2	-0.129136272	1.3228000132
1	2.6598526022	0.3917430412
2	0.1732744068	0.2182063296
0	1.35969927	0.1343323728
1	1.3384026259	2.0282640357
2	-0.3166989377	-0.5345070231
2	-0.0577027178	2.6121744238
2	-0.0354963996	1.3501477575
0	1.483269718	-0.0616991551
1	-0.3976184281	4.2707480951
1	3.472482569	-0.3876422622
0	2.6888816913	-0.5403738556
0	2.5514613665	-0.0039138353
0	1.3480132588	0.0915470012
1	1.4728180085	0.8473322919
0	2.2918385584	-0.099464581
2	-0.1383064405	0.488689165
2	-0.1556218808	1.3375677214
2	-0.0377212376	3.090736307
2	0.1134326277	1.1983119662
0	2.2282577378	0.0745502734
0	1.1546610524	-0.1200920217
1	2.2007685064	0.9354629451
1	2.0144332584	1.7855075258
0	1.0973021602	0.382041152
1	2.0663619995	2.4210583979
2	-0.269685036	1.6128300097
1	2.2499222942	1.4951523812
0	-1.3220479893	0.2062633103
2	0.2927490763	-0.7843589461
2	0.1680161795	2.4255488078
1	2.9652689668	0.2805278532
2	0.008466629	-0.3819075831
1	2.3387251896	1.6728372364
0	2.0216102325	-0.2471492317
1	1.5952749542	1.580688294
1	0.7147276799	3.7749587231
2	-0.0792940856	3.445625185
0	2.9600338954	-0.0637654135
1	-0.2576819869	3.126684933
1	-0.373597634	3.0644156693
1	-0.0206668338	3.6914849762
0	-0.2800927671	0.0671249777
0	2.0763838838	0.0273874894
2	0.3960489283	2.5663096441
2	-0.5681750441	0.434379704
0	0.2857951518	-0.0770004498
0	2.3933161615	0.4192796286
1	0.7498197875	1.8004006989
1	3.3300736786	0.4504999949
2	-0.3239602157	0.6887822444
1	3.4665727126	0.746659111
1	-0.9534364205	2.7855905138
2	0.2601137477	2.06104244
2	0.1813766011	2.9239212734
0	3.2386239338	-0.0731658452
1	1.9021024271	2.4340819996
0	0.1058299301	-0.0099918448
2	-0.3000386043	2.4041032585
1	2.4150735223	1.4134514403
1	0.3679830807	3.2336910443
0	2.0396682014	0.3124102947
1	1.5026159992	2.3765237682
0	1.8506720556	-0.0311141624
0	2.8654003618	0.3385347799
0	3.3372375823	-0.0659534236
0	1.676334551	0.2676095202
1	1.7404522375	1.244044566
0	-0.0781873791	-0.3624201209
1	0.6250260291	3.6979217334
1	2.1644142648	0.0635545375
2	-0.1416711677	-0.7632662522
2	0.2302368931	2.4544973238
0	1.9038300012	0.3314188502
1	3.5064208448	-0.9949028662
1	2.8557140227	-0.0889249808
2	0.3144831291	2.3802326825
2	-0.1685083947	2.2038997067
1	3.0687353719	-0.3300492452
1	0.5312282925	-0.3255053538
1	-0.0762682312	2.6393591796
1	3.6625206223	1.0364762354
2	-0.4491662215	3.3554508776
1	-0.62966091	1.980840911
2	-0.0277806524	2.5616095715
0	2.7890032467	0.1747860215
2	0.0674034076	0.0182447977
2	-0.0290461941	2.2170328325
0	2.3619005597	-0.0046631544
1	3.2440904324	0.8258656587
2	-0.1749000575	3.3558861155
1	3.7772885468	0.2210766771
1	1.7651014508	1.3997262824
0	2.077185122	0.2369730584
1	3.8137204024	-0.3267921718
2	0.0009575476	1.4763966089
1	1.7984914746	0.7665343663
0	1.365730249	-0.1178711717
2	0.1412188762	-0.5995358387
1	2.917294009	0.2881209523
0	2.2472340046	-0.390545439
2	-0.3853507387	2.0811126011
2	0.1528854471	-0.1226881475
0	2.3291978093	0.0330855721
2	-0.2470785	2.3409922773
1	2.4096088235	-0.5222468651
2	-0.0309155016	1.4081522869
2	-0.1952458707	1.9264177052
2	0.0029810522	1.999983738
0	0.0319829077	-0.1351445197
1	2.3783943769	2.9585864827
0	2.3359568574	0.0964230085
1	2.8922864067	2.1649412949
2	0.0717450839	-0.0240142076
2	0.1657191508	1.8986831845
2	0.1196261449	-0.0248860985
1	0.9371807755	3.787256783
1	3.0634680314	1.5892211516
2	0.1042431777	1.4875587208
1	2.1781222538	1.2920972227
1	0.2494854753	3.7053848922
1	0.5710451413	2.4631802305
2	0.1522560577	-0.0494024962
0	3.1583152652	-0.4306913571
2	-0.0658446194	0.0721533774
1	-0.5266823284	2.6684796666
2	-0.1011995799	-0.5099005792
1	0.2785961309	0.8549623794
1	2.1252883665	1.3605488178
0	2.1027405325	-0.207635577
0	2.7003680721	0.4673118903
2	0.2157994443	0.2352594431
0	2.0219369247	-0.2283495256
2	0.2035110532	3.3544524363
0	2.4903731562	-0.4441377458
0	2.0245593443	-0.0573335491
2	-0.1166291619	1.7369577475
2	-0.1153806602	2.2585454182
1	-0.0181590798	3.0187914853
1	-0.6605467622	4.0838955143
2	0.0896671143	3.1089009037
1	0.1869463226	4.2694589808
2	-0.0540102443	3.0287382396
1	-0.5327390696	2.8784071612
2	0.5460214407	0.3865970834
2	-0.0232250219	3.0382010129
2	-0.0195413515	3.1962641704
0	3.6483721531	0.155571818
1	0.8750884422	2.4942404182
0	3.2394198635	-0.0010875466
0	1.1558669017	0.2710080936
1	0.8357367206	2.8896487834
0	2.8843334344	0.1762370151
2	0.1795037709	1.0019738914
0	1.9235089992	0.1877162303
0	0.9350691463	0.0457025819
1	4.1033796414	0.0326113474
1	-0.522827702	2.9110189316
1	0.5402815378	4.0999122642
1	0.0078743693	2.8033759201
1	-0.5935462483	2.7860990717
2	-0.0666057203	3.5719811863
0	2.310907174	-0.133302942
1	2.3687814358	-0.0736777097
1	3.5674419019	0.5536077761
0	2.1549750494	0.0973831621
0	3.5927327869	-0.1398921506
2	0.1231810908	1.3443336323
0	-0.1709351768	-0.110435442
2	-0.1149820571	2.9288767963
0	1.78017893	0.2889450244
2	0.0134924853	2.6017607687
1	0.2870689789	2.8690013753
2	0.1634451067	-0.222815791
2	0.0235859328	-0.4451086648
0	3.6787849929	0.1624285143
2	-0.232517772	2.429929803
0	2.3443995854	-0.0035902352
1	1.9168330164	1.5251763522
2	0.1545158003	0.2254612302
0	-1.3500502554	0.1465996893
1	1.8311118066	1.3963307456
0	2.551360923	0.2566760949
1	2.3696707136	-0.328256665
0	-0.0021064805	-0.128116887
2	-0.2356467583	2.272226875
0	3.0017078745	-0.158499565
0	3.0213150179	-0.2182178634
2	0.2427675465	3.4454996105
2	0.1504156864	2.4970692076
2	0.2931792612	1.9740505395
2	-0.0262752047	2.0079242386
1	2.7077698905	-1.1786037704
1	1.509944953	0.8048058461
1	2.0756820671	2.4214871936
2	0.1593449056	2.3457118753
1	-0.9761621082	3.1481440563
0	3.1112613582	-0.2732276543
0	2.2770501946	0.0219872546
1	0.8165668163	3.3049063632
2	0.0760679082	2.1665683437
1	0.3191818257	0.8181943496
0	3.626848723	-0.0533857946
2	0.3589107541	2.848391194
1	2.2137770566	0.3650739119
0	2.9013522475	0.1007339414
2	0.1414666356	2.2981542878
0	2.6457468344	-0.0815356488
2	-0.0958914449	2.0653139364
2	-0.0428675281	0.0895735973
1	2.0301254562	2.1991967528
1	1.6056354719	1.177280946
1	3.6780179427	-0.6983107255
1	-0.9148310523	1.9762457925
1	2.1688781876	0.0668040349
0	0.7726854733	0.1407762129
0	1.4719043833	0.1407638318
1	-0.7062123042	2.3046269328
2	0.2270476248	1.5334988782
0	1.4165674027	-0.0421181449
2	-0.2563577755	1.8347540021
1	0.1061900302	3.1436132034
0	1.2232851187	-0.2808077474
1	3.0383655539	1.9922733049
2	-0.1000829835	1.2732041351
1	0.5214020398	1.5432359044
0	2.5548177594	0.108581752
1	2.6898750219	0.3552938792
1	0.691072933	0.7053493913
2	0.2977018646	0.0084073212
2	0.1988502334	2.2645645996
1	0.6987748666	1.4013652581
2	0.1833326333	2.5291019854
2	0.5738128393	1.5560460824
2	-0.1155235126	2.0247982733
1	2.2414904722	2.0116860098
0	1.8804365083	0.2179547476
0	3.6229733437	-0.2350063799
2	-0.1766708969	2.7565952035
1	1.0634254701	2.2975958296
0	2.3851202769	-0.3559067269
1	1.5099416088	0.7065202562
2	0.3476228794	1.6094978843
0	3.133588955	0.0540593233
1	2.2622062673	0.7298135805
1	0.1012071373	3.5465243918
2	0.1822194282	0.3785021475
2	0.3698761662	-0.2351611342
2	0.277223438	-0.2112315145
0	3.2628533414	-0.0196673061
0	0.3983596487	0.0664926425
2	0.0268284594	3.5188424882
1	1.3722561507	2.015110961
1	0.2835214629	3.3306309796
0	1.2850057357	0.0730573235
0	2.4013470179	-0.0182830518
0	3.3645066796	0.0832984746
1	1.8266842575	1.1867794647
2	0.0585692156	0.6405149751
2	-0.0367544681	2.005131705
2	0.4396094528	1.1512315065
0	3.3270906807	-0.3863236892
0	1.3900535975	-0.33202265
1	0.88921807	1.8067419113
2	-0.0800612581	2.7794747898
2	-0.2679738553	2.3432388429
0	2.3393575832	0.4146146963
0	2.0916764368	0.3848855007
1	1.7316395332	0.7542788251
0	2.8649384325	-0.0302149159
0	3.5280525445	0.1333958263
1	-0.2287517484	3.0227152776
2	0.1936428306	0.9641352774
0	3.096954122	-0.3035481237
0	2.6686524668	-0.3405344627
1	2.1950780265	-0.7310002352
1	1.2801005935	1.167333437
0	1.8429059172	-0.0781686156
2	0.1132740493	0.430670965
0	2.5816918943	0.2766396546
2	0.3172308214	1.7211169748
1	0.8582835423	1.6307125539
1	0.5184363816	1.1935771974
0	1.3950719162	0.2650025941
0	3.4550345689	0.0255749359
1	1.2550627295	1.4148918589
1	0.7489477766	2.1204408404
0	2.110801049	-0.1007593955
2	0.1442129874	1.2934986193
0	2.318176473	0.2906793032
2	-0.0366952528	1.6331225145
1	1.4494101286	1.8541369713
1	1.500781299	1.8985336338
2	0.0965952538	4.268833605
2	0.1144825087	-0.129495751
0	1.1101751675	-0.0904863142
0	2.5007391519	0.3624259669
0	1.8460125948	-0.1835539227
1	1.5065456211	1.6551165924
1	0.2709432422	2.5752195249
2	0.3039137312	2.013660355
0	2.003145194	-0.3369753468
0	2.8094190886	-0.0984849927
1	1.1260849554	-0.0572665834
0	2.6877258924	0.3719995787
2	0.1938002914	1.5330146197
1	1.2226604246	0.89800121
0	1.5940056815	0.2092597106
1	2.472649503	-1.3256796239
0	1.1303183591	0.0205386903
2	-0.3073483314	-0.0118568904
0	1.1074326931	-0.129704385
1	0.6386907463	2.3807385834
2	-0.2203166238	0.0217090161
1	0.7201768449	2.7018144541
0	-0.7971450476	-0.2646013257
2	-0.2751880548	2.5497440048
0	2.5867338702	0.0174471871
1	2.3782147064	-0.1013526397
1	0.1784105842	3.4969671075
1	0.6821622974	2.5805852072
1	-0.0913380507	2.3026623049
1	0.8654456779	1.2786405479
2	-0.0067295549	2.6179646608
1	1.9933787344	2.0621189072
1	2.8613390633	0.2134981848
2	0.4821183872	1.921075764
0	2.7063779137	-0.3898501022
2	0.2110557616	0.3749190698
1	-0.2698210571	2.5176697811
2	0.1217703343	3.3934878476
2	0.1241798255	1.72001623
0	3.4714523153	-0.4286177516
0	2.686211086	0.1609917258
1	1.6472740562	0.2102899323
2	0.2660010704	3.5960743644
0	-0.0624741604	0.3890387277
2	-0.2569451793	0.8946016074
0	2.932130375	-0.1436556725
1	1.6494215762	1.2929132221
0	0.6219025582	0.0027099853
2	0.1856364965	2.6165128582
0	2.0476888558	0.153527723
2	0.1261417865	0.0421781522
1	1.9120436434	0.4289460988
0	2.5139215502	0.4749195808
2	-0.1707346655	3.2735470374
1	0.8511411994	2.9297672642
1	2.5283086506	1.4686412573
0	3.980804664	-0.2120632085
1	3.1088808293	0.2988437346
1	1.5971325718	0.470341612
1	3.4725519078	-0.1555077699
2	0.1105195277	0.5645669101
0	2.4224098049	0.2608337194
2	0.1058843912	-0.3591175546
0	2.3442620208	-0.2905834015
0	2.9360004766	0.191973645
1	-0.4998014829	2.2157424862
2	0.1492181678	0.9888922664
0	1.3169471317	0.0718162246
1	3.8590857257	-0.288269166
1	-1.4203995122	3.5719506803
2	0.2669753511	0.0337153385
1	2.2129391552	1.4062502371
2	-0.0026669135	2.50693476
2	0.2649530457	2.5247540052
0	2.5290530779	0.2874733722
2	-0.0217357553	2.7579368834
0	1.1579541649	0.3663311051
0	1.5287692336	0.1624899875
0	3.0219332584	0.0271284781
0	4.09702571	0.0069795543
0	2.8050153556	-0.4319205553
2	0.2511583837	-0.7090475631
2	-0.051089953	-0.3206634732
2	-0.1385982288	2.6930757805
0	1.5242602328	-0.0233383228
0	3.9782926472	-0.4130704583
0	1.4722041606	0.1357343249
2	-0.0613727517	1.0293590909
0	2.2990857943	-0.1725298195
1	2.2587491777	1.7348663652
1	0.9689911383	1.1460654321
0	0.2208523146	0.2341609625
1	2.0422434135	0.803576036
0	1.3123710505	-0.1417656165
1	1.3508461114	1.8774616378
2	-0.0095823435	-0.1282792265
0	2.749430341	0.2996079429
2	-0.0631174908	3.5525670792
2	0.0357555735	2.103217491
0	2.6841252137	0.0374192127
2	-0.0422464033	3.7167314539
2	-0.3307544787	2.7012571508
2	0.0256920095	2.2329632793
1	1.8739091131	2.4034733094
0	0.0428985194	0.0663865019
0	2.9991087857	0.0519745146
0	2.3269667174	-0.0092370803
0	2.1774979472	-0.1243629253
0	2.2925773526	-0.0711132971
2	0.0825376841	0.2545456493
1	1.3414279605	2.8120675963
1	0.5543965901	3.1354462752
2	-0.1714779669	1.9076586941
1	-0.5108426915	3.1461086043
0	2.9997741747	0.087904774
0	2.5383409426	0.1363097608
0	3.5121299478	-0.051869983
1	2.4823362032	1.6867766847
1	1.0196345356	2.17258217
1	0.6469028844	3.9149591185
2	0.1419513998	2.8421860791
1	1.622570957	0.9575048111
0	1.0057043808	0.2325602509
0	2.4802361144	-0.0458378702
1	2.2754467187	1.5045149049
2	0.2587332842	-0.3938703259
1	0.7312621733	4.1709974962
2	-0.0185800614	1.5752097334
0	1.4110538134	0.2476659591
0	2.248516336	-0.1653179481
1	0.6177747027	1.0296107975
1	3.2801284579	1.5262249942
1	1.5608201341	1.0117619954
0	1.4139013006	-0.327069118
1	2.0844232031	0.0382648906
1	1.5077052814	1.7983685799
0	-0.1167009413	-0.0218392748
1	1.6236842962	2.0980439103
1	1.5737824122	2.4669003793
0	2.1521167647	-0.1268981776
1	-0.6586578174	3.5573451958
2	-0.3207890031	0.5381146675
0	1.8371035537	0.2358416122
1	-0.6407097184	2.9597980897
2	-0.1665732774	2.9436561681
2	-0.3719938615	0.1996613644
1	-0.622696277	4.700263832
2	0.0890365413	1.6380952223
1	3.5568189922	-0.3419845108
1	1.6002220363	1.7075353006
1	-0.5056209447	4.0619743735
0	2.53333901	0.6381132953
0	-0.8813423174	-0.0001703859
2	0.3818578932	2.7342772959
0	2.7716336423	-0.2044014726
2	-0.0488689163	-0.1921428159
2	0.2172488872	1.0195180832
2	-0.1417912053	-1.0480112154
2	-0.2867901919	-0.1001340417
1	1.050186402	0.3147357962
1	1.9440537399	0.5835137014
2	0.3468081127	2.6809909225
2	-0.3334227726	3.572407253
2	0.0992161602	1.7487377552
0	1.6161504342	-0.3098942215
0	3.8999701363	-0.1233806063
2	0.0402755871	0.1604050333
0	2.5936925812	-0.101343721
0	1.6156795746	0.0985933826
0	2.2642424832	-0.3974672901
1	1.9004112794	1.7366699048
1	1.4773032384	1.0471980283
1	-0.4765031937	2.7638573457
0	0.1106976018	0.2259437213
1	-0.723059597	3.6833248097
2	0.1000481521	1.2303945806
0	1.7729421628	0.025309361
0	1.9879933344	-0.091211042
0	3.4485247778	0.228017455
1	-0.756162466	3.6722225502
1	0.7117407133	3.5887166507
1	0.3034610381	3.2830899515
2	-0.1729560332	2.0444001256
2	-0.0690751671	-0.7536171418
0	2.0098551497	0.1481209995
0	1.4457443877	-0.1130913819
2	0.1301481513	2.7440539133
2	0.1280898349	3.0947213496
1	2.4216044929	0.9332102743
1	1.4314794557	1.0627244012
0	2.3157827407	-0.1258085761
1	2.3897687444	0.6257859616
1	1.7500771472	1.8400312986
0	2.7961250865	0.228661994
2	0.1691401214	1.8178115865
2	0.3800445214	2.7716311429
2	-0.4937751556	2.2012852246
1	1.5853920352	1.3550702028
2	-0.117151261	3.7186758996
0	2.220732292	0.1895051266
2	-0.0955476996	0.0227647751
0	2.3680518253	-0.3226364148
0	1.6308912949	-0.5246148853
2	0.347884878	2.4886540306
1	1.4004743868	1.429989936
0	1.6130780095	0.35345918
1	1.4990793091	1.0192862903
0	3.0300731875	0.1164608065
1	2.9613130318	0.1382130088
0	4.3886012249	-0.3504908086
2	0.1786989287	0.5936843491
0	1.5665699281	-0.1220422072
1	1.1119311556	2.7258364301
1	0.0422048094	3.6202351178
1	1.3608461299	2.3151352303
2	0.0131758416	0.6227450215
2	0.2706773143	1.3200553795
1	1.2122519313	3.4788327332
0	4.028665654	-0.378507353
2	-0.3115412595	1.4309545708
1	1.6179986764	1.6019897434
1	3.0977461518	-1.6536336177
2	-0.0472593752	1.8656286283
2	0.2006426056	2.0617174472
0	1.6551030919	-0.1138514751
0	2.0711313698	-0.2900668954
0	1.5716335239	-0.1673446726
2	0.0282492033	2.3892123568
2	0.1362018988	2.887314812
2	-0.0151748181	1.1622299125
2	-0.1493238807	0.5983015463
0	1.9895348428	0.0837412962
2	-0.42944534	0.1859989968
0	0.822756827	-0.0708459134
0	3.5718891113	-0.1521357665
0	2.8177705182	-0.131035491
1	2.3780043921	1.1393466296
1	1.2230164444	1.6884730325
0	1.4318511043	-0.0885606571
1	0.4165953214	1.1497644357
2	0.2575328285	2.9105272926
2	0.3938926914	0.3230149604
0	2.3256348743	-0.0980821534
1	1.582579616	2.2383275744
1	2.0261668924	2.3192281493
0	1.7970990223	0.2268987651
0	2.2044894105	0.0496000549
1	0.2561501603	2.7766570533
1	3.0446897836	0.2687899478
0	2.4409574416	0.005856052
2	0.1227690637	0.2378565913
1	2.4460838638	0.6408662526
0	0.99532206	-0.1954864481
1	4.0144723379	0.3368620912
0	2.6104602817	0.0254022121
2	-0.1920695036	0.476894742
1	2.478118975	-0.93512112
0	0.8273518237	-0.0483697885
0	3.6461687525	0.1582073549
0	-0.3217454895	0.1638503635
2	0.1331726637	3.2852165593
1	-1.0607176246	2.7911378854
1	-0.2161107293	1.6727562109
2	0.0812424852	1.9906366808
0	2.1960563912	-0.0121620646
0	2.7150046831	-0.4318492452
0	3.7746262494	0.2094252764
0	2.6982475918	0.0428097784
0	1.8696111529	-0.0781580481
0	0.6236462319	-0.0373703417
2	-0.053987764	3.3564473699
0	1.0626718367	0.0034538896
1	0.9166598825	2.2270009883
2	-0.0482698229	1.8335762727
1	1.360557838	1.4550889601
2	-0.1763112909	0.3370860454
2	0.1615945188	2.4591160449
2	0.0846897324	3.524690691
2	-0.3079962447	1.534703674
0	0.6910157445	-0.0398222254
2	-0.0218312488	3.3333904799
1	1.4835395215	0.7775418314
1	-0.2758037541	2.5548145333
2	0.0815225335	2.6315732064
2	0.2221878412	0.8923625874
1	2.5962748637	1.1587748361
2	-0.4288919385	-0.9602437157
2	0.1851231944	3.1892443735
1	0.9770885118	3.1158672775
2	0.1990366639	2.6910330611
0	1.3105338659	0.0630053453
2	-0.0745817057	0.7648342705
0	4.4342166061	0.090242316
1	2.1367648965	1.1439652708
0	1.3045816822	0.015433872
1	0.3041565191	2.9244244651
2	-0.1358374128	3.2102797064
1	0.2154071032	3.4403675657
0	1.0627790418	0.3607083282
2	-0.3056756394	1.1905586613
1	1.0271736104	2.5562962955
1	1.0983654419	2.4133046786
1	-0.2050865436	3.6976226885
0	2.9941771696	-0.0045050966
1	2.5121441521	2.7089101895
0	2.0331582692	-0.0334042541
1	2.3098399025	2.3766064718
2	-0.3224110494	-0.0205261067
0	0.6223264813	-0.0445575962
1	1.4582632019	1.8894243375
2	-0.1218201175	0.3611984895
2	-0.0294000942	1.6013299231
0	1.9832849214	0.2048966643
2	-0.1386080928	2.9327363972
1	2.374187878	2.6348857981
0	-0.6033322508	-0.0909956251
1	1.9066184526	0.8078686892
2	0.0310686605	0.2617606171
0	-0.2420760832	-0.2954623801
0	1.9659800514	-0.0602658566
0	-0.3910837828	-0.0480908411
1	2.6764765583	-0.0929667829
2	-0.338445407	2.355449468
0	2.2547482736	0.0822200125
2	-0.0175976785	2.1966502219
2	0.1945515069	2.2548377449
0	-0.0526810954	0.159804068
1	0.1661079088	3.4084887373
1	-0.0973097691	2.4338179821
2	-0.1100305596	-0.3316886563
1	3.3777208857	-0.2372288079
0	1.2650270995	-0.3463661614
0	2.3364380559	-0.3556334585
1	4.1208901373	0.4317804296
0	2.1446258879	-0.1546419549
2	-0.0740288922	4.3013687301
1	0.2453107379	2.7288401654
1	3.0199928013	0.1429302247
2	0.5133356559	1.6224308143
2	-0.2125663989	2.8933541242
1	2.8350942189	-0.3941185103
0	1.8884566832	0.0455332318
2	-0.5557872883	2.651695187
1	2.787038372	0.4703421081
0	2.2007847536	0.2863097657
0	2.8049304913	-0.6737245993
0	0.4690461179	0.3412642896
2	-0.1006671362	1.5839116117
2	0.2870993113	0.4985190841
1	0.756011935	1.2845973529
0	2.5935695115	-0.0470757184
0	2.9777168767	0.0001546374
1	1.7468139109	2.9314691911
1	1.3928761575	0.7057177802
0	2.5307233153	-0.155170576
2	-0.1727745237	1.495891312
0	1.8943877441	-0.0424474827
2	-0.3670400836	-0.5197988796
1	0.7105760322	1.1175661649
2	0.0545182536	2.5615855919
2	0.1577062985	1.542696523
1	1.037819481	2.0652500405
2	-0.4218915848	2.0285804915
1	1.9667301237	1.3949904388
0	3.7406528833	-0.0511068492
0	1.4083776818	-0.138421978
1	2.3485605269	-0.2026191494
2	0.0678990982	-0.6441993212
1	0.2679972885	2.7085081414
2	-0.0708397107	0.1801405497
2	-0.197615223	1.8538190271
2	-0.1955687014	0.8536332366
2	-0.0178988616	-0.1497100816
2	-0.0067286658	2.0428349792
1	0.8284926913	3.7305381961
1	1.0504862129	1.3408797223
2	0.1858805582	0.9677558175
2	-0.1535509774	2.2068649158
0	-0.2139780794	-0.0844208142
1	1.5905891742	1.9468097714
1	2.2000952177	0.5466825595
2	0.0136170536	2.9952806825
1	-0.2344283421	2.3097009782
0	2.1984445534	-0.1314146776
0	1.7797923626	0.0511284243
2	-0.2201467049	1.9942694947
2	0.4269073843	-0.0452223487
1	2.0346507318	2.5669677497
0	2.6926222559	0.1881576463
0	1.9901866464	0.1945931316
0	-1.019183253	0.1625004407
1	0.0363826483	3.141988253
1	2.3933048609	1.6549811548
0	2.1671249513	0.0512916853
0	1.3149509188	0.2683852217
2	0.0378862844	3.6243402479
1	1.3263644058	0.9640249477
2	-0.2714121386	2.3206891272
2	-0.0493101971	2.3305894174
2	0.0505055068	0.0131847702
1	-1.212438619	3.6898189383
1	1.7024274321	0.5993022717
1	2.3211743988	0.103795409
2	0.0174878583	3.1559846314
2	-0.1662472798	1.8829021129
2	0.2070782267	0.0337898993
0	1.4483262452	-0.0978534191
1	0.8575142911	3.5152765419
0	-0.3435528996	0.1025849519
1	0.2416593885	3.664847815
2	-0.0085233336	-0.247053164
1	2.8895957692	-0.0423259642
1	2.024198117	0.1014200226
2	-0.3007679071	-0.3630612036
0	3.281222195	0.424996641
2	0.093560859	1.8219972951
1	1.1595091635	1.9356091501
1	2.1613932315	1.286114671
2	0.2826986646	3.045669759
1	-0.7275071919	3.6550586161
2	-0.075493584	2.4479953494
1	0.7132516817	0.5497147225
1	1.6127367297	1.5672483411
1	0.5567052424	2.1992993576
2	-0.0685985245	1.7339052733
1	1.4809288642	1.0196019445
2	0.1161959457	1.6969314604
0	1.1950284553	0.3663175614
2	0.3434056566	2.7231020051
1	1.8845709158	1.9536911847
0	2.3064861223	0.0810286091
0	2.0114202728	-0.2135180181
1	1.0343345728	2.4922109231
2	0.4551680862	-0.7055714633
1	1.3202196075	1.1156997769
1	1.4978293453	0.7517831024
2	0.3715625889	-0.3434696044
2	0.1243363139	2.655817016
2	-0.0468211526	0.4459375573
0	2.3548175207	-0.000830292
2	0.4159951195	4.0004568802
0	1.0084097456	-0.6081525611
2	-0.0126296243	2.0911342099
1	0.4902282841	1.6536202813
0	2.4278134535	0.262146898
0	1.4596816272	0.1696427847
2	-0.5813310443	0.3179175837
0	1.0351104875	-0.0950365136
0	2.4171824598	0.4279708992
0	2.8013785154	-0.0808395459
2	-0.0230589761	-1.0403308756
2	0.0932535081	3.1072593417
2	-0.1709477544	2.4434075624
2	-0.0808515269	1.61583459
2	-0.0611016543	1.9313369171
2	0.104455446	3.6855289389
2	0.0213630008	1.8303956196
1	1.1843739536	3.256613526
0	2.4312578061	-0.2642545476
0	1.8653407596	0.3137931126
1	2.2966318963	1.6845894203
0	2.4284240263	0.1421617749
0	3.6911789297	0.6829263612
0	2.078431206	-0.0928239987
0	2.8032861625	-0.1029647812
0	2.1020496569	0.2461351763
2	0.070286594	-0.405796485
0	1.5276960186	0.0254594623
1	1.7168622338	2.0917715761
1	1.2500367372	2.4527718609
1	1.1373281172	3.5281314417
2	0.0670698643	2.6083886842
2	0.0013674579	2.1355266883
1	0.9668129961	0.6083546842
1	1.4779730765	1.582580317
2	-0.2700031505	0.819680305
0	1.6562941874	-0.0916056014
2	-0.2481957122	3.2572862394
0	2.9099056709	0.1621791906
0	1.7560134508	-0.1332486034
0	1.9363752813	0.316013564
1	2.31850561	-0.8799465802
0	2.9198226836	0.1871616599
2	-0.0420506217	0.1488785411
1	0.821096083	1.5677612419
1	1.8846816516	1.5161133815
0	1.8714726633	-0.2240193914
0	1.7141859173	0.0792168025
1	1.0241419636	0.8382298455
1	0.2269777794	3.0118404324
0	4.1820664329	0.1718659881
2	-0.0902079671	2.1454735651
2	0.1452458366	0.0662209344
1	0.7022291074	3.7402465602
1	1.8661785161	-0.0994194734
2	-0.1959431232	-0.0338300178
2	-0.0264689773	1.8662836119
2	0.0789613326	2.8066322646
2	-0.1528689216	2.7348885887
2	0.5236549725	0.1566568784
0	1.9329924374	-0.1075813315
1	0.6668008039	1.6505629735
1	2.4950700026	-0.2739285972
2	0.2116993668	1.9195511164
0	1.619721515	0.019751678
2	-0.1661924919	2.4359747964
1	0.1482198943	3.1862960942
1	2.9772234905	-0.2469559332
0	1.9675065829	0.3130368529
2	0.1374457386	3.5079313544
0	2.4174241953	-0.0932637566
1	1.4889571188	1.9009255641
1	0.7847095373	0.5450190067
2	-0.2894175799	2.321099737
0	2.2053857183	-0.0487693189
1	-0.1590058403	3.5068943815
0	1.4987930486	-0.1838020429
2	0.217317623	-0.3101672224
0	2.4080455518	-0.1278627951
2	0.1970981394	1.0258237441
0	2.0504125596	0.2198714669
1	0.9531585111	2.4241203299
2	0.1490157882	2.7775496466
2	-0.0627426737	2.808597244
2	-0.1525209975	3.0364862397
0	1.7882421965	0.1983127003
2	-0.4575577336	1.5970331422
1	0.432946976	2.588010189
2	0.0825670513	2.7109948665
2	-0.3177436083	0.6016681412
1	2.3970960531	1.0199436514
2	0.3048972563	3.5379245278
0	2.7150266173	0.2846797049
2	-0.1433355269	2.8978094419
0	2.0259950994	0.2275850112
0	1.4720671716	-0.0841190592
1	0.3260862147	2.5706360364
0	2.596954748	0.0965133523
2	0.0349196306	2.1395952885
2	0.2633091395	1.6669416933
0	2.8448116625	0.2446403008
0	2.2164682114	-0.1572706074
2	0.3187336324	0.6764998153
0	2.7326526779	-0.2065516249
0	1.7599757233	0.3544563498
1	1.8047846542	1.4919086516
0	1.4618754437	0.2604710514
1	0.6009549985	1.044812366
0	0.9068637066	0.0707884019
2	-0.2491542895	3.0436961383
2	-0.0045142781	0.4237917887
2	0.0485369801	1.9919985505
1	2.6769980695	0.4695463607
2	0.4058703403	-0.3506196127
2	0.07699959	3.4319698948
0	2.7801837841	0.5967303071
2	-0.1421158154	3.288707621
1	0.3889041488	2.6981999977
1	2.7306927833	-0.1744376614
0	0.3175040174	-0.091808572
1	2.4518736568	-0.499531311
1	2.451474523	-0.2455501313
2	0.1583776543	-0.7960690619
1	-0.2822120985	3.0242031133
2	-0.3973423256	0.6027008507
2	0.3063937784	2.1542984907
0	2.6472625961	0.2261069365
2	-0.1583466525	2.2618890201
2	0.2505951562	0.7598065679
1	2.8393182799	0.174741654
2	-0.1360460668	2.4226201142
1	0.1674726343	2.6553324122
1	2.3234412898	0.6625439332
2	-0.2339175184	3.0056687387
1	-0.2415083947	4.1390499594
0	0.4635727892	0.0914875063
0	2.3192751759	0.0007512609
0	2.0623614997	-0.1476854713
0	2.7459132197	0.0311715472
1	2.0661687506	1.801675861
2	0.2100656732	1.1662718293
0	2.825430413	0.3787141871
0	1.8335794771	0.0974938899
2	-0.1169735422	2.1800591441
1	1.1506144959	1.4207059748
0	1.7847316332	-0.2124134944
2	-0.4105408806	2.3074371213
2	-0.018285318	-0.3372122562
0	1.5979624338	-0.1256283019
1	1.2851430762	2.470063573
0	1.2384109369	-0.1346392245
0	2.0185324138	0.1920899864
1	3.4441998515	0.3047580839
0	1.4295715559	-0.0417268581
0	1.6591711584	0.103031191
1	1.0463146939	3.2620256416
0	2.0116913759	-0.1365092192
1	0.5245182136	1.5581760366
2	0.2370293446	1.8355589862
2	-0.3799049021	3.1395492045
2	0.0014035114	2.7694031949
1	2.180107648	0.6824972169
0	3.1595848475	-0.0601488953
1	1.7368687223	0.3676773194
0	2.6831376695	-0.3638401653
1	0.6443647897	1.638218191
1	-0.3034351918	2.5936606542
1	3.5583275853	0.0985721315
0	1.5402426136	-0.0601558468
0	0.3823969193	0.1049598723
0	1.4526371905	-0.2659903919
0	2.6393233132	0.0891670269
1	1.3280104314	1.1202939975
1	2.7256716893	-0.0024019864
1	0.1265849738	3.6598830863
0	3.1767773243	0.1462525534
0	0.5513215931	0.060908356
0	-1.1278733661	0.1687791583
0	0.8594001999	-0.1922869039
2	-0.0926053097	1.732723082
2	0.4097408768	-0.8984165235
1	3.6434541321	0.7908199304
0	2.4422443519	0.1567839007
0	-0.5537744808	0.1207998015
1	1.4826557606	1.8043783748
0	2.5422876399	0.3134258328
0	2.6326507218	0.0167332467
1	2.693876774	-0.112686053
2	-0.1578846504	2.074977835
1	3.7860188689	0.21629784
0	2.8241346262	-0.0354126184
0	2.738437768	0.0477460815
1	0.1935878903	3.3019578743
2	0.1223038697	2.6902992717
1	3.1810082356	-0.1669334438
0	2.5431158175	0.065571416
2	0.3157099453	2.4548677602
0	4.1466330393	0.0221639646
2	-0.0383478367	2.9543048973
1	1.9785974274	0.8581586326
2	0.137952768	-0.4607402293
1	-0.1906069968	2.8871960766
1	-0.4915672169	3.5371944123
0	3.4225510996	0.3469059504
1	-0.4463214149	3.8924282327
2	-0.1209115227	0.9622389507
1	1.2775312468	1.5880382964
0	1.854344964	-0.0619627529
1	1.4099991693	1.6568570295
1	1.3572866819	3.7208319959
2	-0.0877135134	2.7364071167
0	0.1178461205	-0.015520654
1	2.0431176224	2.4895519241
2	-0.3817354902	2.3804409414
2	-0.2846481937	2.7278461862
0	-0.610673642	0.1251138207
0	2.0900623116	-0.4066269044
1	-0.4192241094	4.4983255687
1	1.636793052	1.4495803043
0	1.7273731941	-0.3088834008
2	0.07688321	3.4839914006
0	1.7154124576	0.3010043294
2	0.1503360269	-0.5035200987
2	-0.0304901977	2.7693520557
2	0.115147234	2.9477553273
1	0.7098600461	3.9641297425
1	-1.2532735668	5.1483518716
1	-0.459538443	2.8231703585
0	1.9567201922	0.0248706625
1	0.7975174497	2.2057434632
0	2.5275046142	0.0489686402
0	3.3544273462	-0.6245760825
0	2.9823645922	0.3099245832
0	3.1974343206	0.4766664586
0	2.2880633343	0.2349515458
2	0.111793812	-0.3290238517
2	0.1625126059	1.3085554225
0	1.7615580214	-0.1905963811
2	-0.0150841403	-0.4682012634
1	-1.1070037627	3.8409157646
2	-0.2954156877	3.5533233558
1	0.9864142905	1.4267293337
1	-0.1094315979	2.9584908683
0	0.9522319277	0.2142203528
1	-0.7274141429	2.3769177001
1	0.4862939957	2.3082301096
0	1.9668375778	0.434528608
0	2.3746099888	-0.2476329468
0	2.8527863301	-0.2107473418
1	-0.0284148644	3.6673365596
0	2.0206249234	-0.3330566457
2	0.2642169859	1.4316664154
0	3.2217764243	-0.451477103
0	2.9299635298	0.3676690681
0	1.4128130234	0.164608811
2	0.1278429115	2.5347712093
2	0.0801186264	2.5634305703
2	0.094533632	2.3284546971
0	2.1735227333	-0.156689413
2	0.1392940311	-1.545398222
1	2.9607455615	-0.0030063847
0	1.9812190856	0.1483363689
0	2.3256245118	0.1329024717
2	0.1041073921	3.9178134789
1	2.9977548418	-0.5799696503
2	0.1733309633	2.1905202315
2	0.0669677611	3.9230780457
1	2.8547257666	0.6854830154
0	3.070043338	0.428305381
0	0.3345707941	-0.1248685082
2	-0.1700582874	2.3366173441
2	0.0601088486	1.6481691418
2	-0.0964775732	3.2558941615
0	1.6616372611	-0.0715823943
2	-0.2662595548	2.7139537087
0	2.4819678222	0.0891416631
1	0.1716101853	2.8540032029
1	1.4822791652	1.8445250676
0	1.2398287478	-0.0151894213
0	2.0315776553	0.5930074028
0	0.2045233609	0.480683838
0	0.1695250864	0.0673825839
2	-0.1759407925	3.0140400665
2	-0.00043491	-0.4494179758
2	0.0951651512	-0.1409094922
0	1.6893845224	0.1114389716
2	-0.1371588906	1.8908482146
2	-0.2788793778	-0.1839545326
1	3.1593811604	-0.56418325
0	1.8013357925	0.1306990261
2	0.2153033365	3.0645449677
1	-0.3472379445	2.4477564577
1	0.9774998956	1.4527912474
2	0.1680514283	-0.8080619419
2	-0.4922850052	2.4816515376
0	0.3957727341	0.2435524264
1	2.5320679902	0.3973835364
1	4.1089007587	0.3222265232
0	3.4666696618	0.3071159485
2	0.0129891921	2.4858946544
1	0.6486615645	3.731193968
0	1.2661675259	0.1044664435
2	0.0521059233	-0.7747055196
2	-0.2652549208	0.03686863
1	3.1169978957	0.924553694
2	0.1421668512	2.2626791407
2	0.2640606994	3.6808388212
2	-0.0806285868	2.8306844601
0	0.1932018828	0.3603989443
0	1.684095973	-0.023218199
1	0.9752179047	2.305958926